(0270, 95.7, 3.7)
(0271, 95.7, 3.7)
(0272, 95.7, 3.7)
(0273, 95.7, 3.7)
(0274, 95.7, 3.7)
(0275, 95.7, 3.7)
(0276, 95.7, 3.7)
(0277, 95.7, 3.7)
(0391, 101.8, 1.6)
(0392, 101.8, 1.6)
(0393, 101.8, 1.6)
(0394, 101.8, 1.6)
(0395, 101.5, 1.6)
(0396, 101.5, 1.6)
(0397, 101.5, 1.6)
(0398, 101.5, 1.6)
(0399, 101.5, 1.6)
(0400, 101.5, 1.6)
(0401, 101.2, 1.6)
(0402, 101.2, 1.6)
(0403, 101.2, 1.6)
(0404, 101.2, 1.6)
(0405, 101.2, 1.6)
(0406, 101.2, 1.6)
(0407, 101.2, 1.6)
(0408, 101.2, 1.6)
(0409, 90.1, 3.7)
(0409, 100.8, 1.6)
(0410, 90.1, 3.7)
(0410, 100.8, 1.6)
(0411, 90.1, 3.7)
(0411, 100.8, 1.6)
(0412, 90.1, 3.7)
(0412, 100.8, 1.6)
(0413, 100.4, 1.6)
(0414, 100.4, 1.6)
(0415, 100.4, 1.6)
(0416, 100.4, 1.6)
(0417, 100.2, 1.6)
(0418, 100.2, 1.6)
(0419, 100.2, 1.6)
(0420, 100.2, 1.6)
(0421, 100.2, 1.6)
(0422, 100.2, 1.6)
(0423, 100.2, 1.6)
(0424, 100.0, 1.6)
(0425, 100.0, 1.6)
(0426, 100.0, 1.6)
(0427, 100.0, 1.6)
(0428, 100.0, 1.6)
(0429, 100.0, 1.6)
(0430, 89.7, 3.7)
(0430, 99.5, 1.6)
(0431, 89.7, 3.7)
(0431, 99.5, 1.6)
(0432, 89.7, 3.7)
(0432, 99.5, 1.6)
(0433, 89.7, 3.7)
(0433, 99.5, 1.6)
(0434, 89.6, 3.7)
(0435, 89.6, 3.7)
(0436, 89.6, 3.7)
(0437, 89.6, 3.7)
(0438, 89.5, 3.7)
(0438, 98.9, 1.6)
(0439, 89.5, 3.7)
(0439, 98.9, 1.6)
(0440, 89.5, 3.7)
(0440, 98.9, 1.6)
(0441, 89.5, 3.7)
(0441, 98.9, 1.6)
(0442, 89.5, 3.7)
(0442, 98.9, 1.6)
(0443, 89.5, 3.7)
(0443, 98.9, 1.6)
(0444, 98.7, 1.6)
(0445, 98.7, 1.6)
(0446, 98.7, 1.6)
(0447, 98.7, 1.6)
(0448, 98.7, 1.6)
(0449, 98.7, 1.6)
(0450, 89.2, 3.7)
(0450, 98.3, 1.6)
(0451, 89.2, 3.7)
(0451, 98.3, 1.6)
(0452, 89.2, 3.7)
(0452, 98.3, 1.6)
(0453, 89.2, 3.7)
(0453, 98.3, 1.6)
(0454, 89.2, 3.7)
(0454, 98.3, 1.6)
(0459, 97.6, 1.6)
(0460, 97.6, 1.6)
(0461, 97.6, 1.6)
(0462, 97.6, 1.6)
(0463, 97.6, 1.6)
(0468, 88.5, 3.7)
(0468, 97.1, 1.5)
(0469, 88.5, 3.7)
(0469, 97.1, 1.5)
(0470, 88.5, 3.7)
(0470, 97.1, 1.5)
(0471, 88.5, 3.7)
(0471, 97.1, 1.5)
(0472, 88.5, 3.7)
(0472, 97.1, 1.5)
(0473, 88.5, 3.7)
(0473, 97.1, 1.5)
(0479, 88.1, 3.7)
(0480, 88.1, 3.7)
(0481, 88.1, 3.7)
(0482, 88.1, 3.7)
(0483, 88.1, 3.7)
(0484, 87.8, 3.7)
(0484, 87.8, 3.6)
(0484, 96.5, 1.5)
(0485, 87.8, 3.7)
(0485, 87.8, 3.6)
(0485, 96.5, 1.5)
(0486, 87.8, 3.7)
(0486, 87.8, 3.6)
(0486, 96.5, 1.5)
(0487, 87.8, 3.7)
(0487, 87.8, 3.6)
(0487, 96.5, 1.5)
(0488, 87.7, 3.7)
(0488, 96.4, 1.5)
(0489, 87.7, 3.7)
(0489, 96.4, 1.5)
(0490, 87.7, 3.7)
(0490, 96.4, 1.5)
(0491, 87.7, 3.7)
(0491, 96.4, 1.5)
(0492, 87.7, 3.7)
(0492, 96.4, 1.5)
(0493, 87.6, 3.7)
(0493, 96.5, 1.5)
(0494, 87.6, 3.7)
(0494, 96.5, 1.5)
(0495, 87.6, 3.7)
(0495, 96.5, 1.5)
(0496, 87.6, 3.7)
(0496, 96.5, 1.5)
(0497, 87.6, 3.7)
(0497, 96.5, 1.5)
(0498, 87.6, 3.7)
(0498, 96.5, 1.5)
(0499, 87.4, 3.7)
(0499, 87.4, 3.6)
(0499, 96.6, 1.5)
(0500, 87.4, 3.7)
(0500, 87.4, 3.6)
(0500, 96.6, 1.5)
(0501, 87.4, 3.7)
(0501, 87.4, 3.6)
(0501, 96.6, 1.5)
(0502, 87.4, 3.7)
(0502, 87.4, 3.6)
(0502, 96.6, 1.5)
(0503, 87.4, 3.7)
(0503, 87.4, 3.6)
(0503, 96.6, 1.5)
(0504, 87.4, 3.7)
(0504, 87.4, 3.6)
(0504, 96.6, 1.5)
(0505, 87.4, 3.7)
(0505, 87.4, 3.6)
(0505, 96.6, 1.5)
(0506, 87.2, 3.6)
(0506, 96.8, 1.5)
(0506, 96.8, 1.5)
(0507, 87.2, 3.6)
(0507, 96.8, 1.5)
(0507, 96.8, 1.5)
(0508, 87.2, 3.6)
(0508, 96.8, 1.5)
(0508, 96.8, 1.5)
(0509, 87.2, 3.6)
(0509, 96.8, 1.5)
(0509, 96.8, 1.5)
(0510, 87.0, 3.6)
(0510, 97.1, 1.5)
(0511, 87.0, 3.6)
(0511, 97.1, 1.5)
(0512, 87.0, 3.6)
(0512, 97.1, 1.5)
(0513, 87.0, 3.6)
(0513, 97.1, 1.5)
(0514, 86.9, 3.7)
(0514, 86.9, 3.6)
(0514, 97.2, 1.5)
(0515, 86.9, 3.7)
(0515, 86.9, 3.6)
(0515, 97.2, 1.5)
(0516, 86.9, 3.7)
(0516, 86.9, 3.6)
(0516, 97.2, 1.5)
(0517, 86.9, 3.7)
(0517, 86.9, 3.6)
(0517, 97.2, 1.5)
(0518, 86.9, 3.7)
(0518, 86.9, 3.6)
(0518, 97.2, 1.5)
(0519, 86.9, 3.7)
(0519, 86.9, 3.6)
(0519, 97.2, 1.5)
(0520, 86.9, 3.7)
(0520, 86.9, 3.6)
(0520, 97.2, 1.5)
(0521, 86.8, 3.7)
(0521, 86.7, 3.6)
(0521, 97.4, 1.5)
(0522, 86.8, 3.7)
(0522, 86.7, 3.6)
(0522, 97.4, 1.5)
(0523, 86.8, 3.7)
(0523, 86.7, 3.6)
(0523, 97.4, 1.5)
(0524, 86.8, 3.7)
(0524, 86.7, 3.6)
(0524, 97.4, 1.5)
(0525, 86.8, 3.7)
(0525, 86.7, 3.6)
(0525, 97.4, 1.5)
(0526, 86.8, 3.7)
(0526, 86.7, 3.6)
(0526, 97.4, 1.5)
(0527, 86.5, 3.7)
(0527, 97.7, 1.5)
(0528, 86.5, 3.7)
(0528, 97.7, 1.5)
(0529, 86.5, 3.7)
(0529, 97.7, 1.5)
(0530, 86.5, 3.7)
(0530, 97.7, 1.5)
(0531, 86.5, 3.7)
(0531, 97.7, 1.5)
(0532, 86.5, 3.7)
(0532, 97.7, 1.5)
(0533, 86.4, 3.7)
(0533, 86.3, 3.6)
(0533, 97.9, 1.5)
(0534, 86.4, 3.7)
(0534, 86.3, 3.6)
(0534, 97.9, 1.5)
(0535, 86.4, 3.7)
(0535, 86.3, 3.6)
(0535, 97.9, 1.5)
(0536, 86.4, 3.7)
(0536, 86.3, 3.6)
(0536, 97.9, 1.5)
(0537, 86.4, 3.7)
(0537, 86.3, 3.6)
(0537, 97.9, 1.5)
(0538, 86.4, 3.7)
(0538, 86.3, 3.6)
(0538, 97.9, 1.5)
(0539, 86.1, 3.7)
(0539, 86.1, 3.6)
(0539, 98.3, 1.5)
(0540, 86.1, 3.7)
(0540, 86.1, 3.6)
(0540, 98.3, 1.5)
(0541, 86.1, 3.7)
(0541, 86.1, 3.6)
(0541, 98.3, 1.5)
(0542, 86.1, 3.7)
(0542, 86.1, 3.6)
(0542, 98.3, 1.5)
(0543, 85.9, 3.7)
(0543, 98.7, 1.5)
(0544, 85.9, 3.7)
(0544, 98.7, 1.5)
(0545, 85.9, 3.7)
(0545, 98.7, 1.5)
(0546, 85.9, 3.7)
(0546, 98.7, 1.5)
(0547, 85.9, 3.7)
(0547, 98.7, 1.5)
(0548, 85.9, 3.7)
(0548, 98.7, 1.5)
(0549, 86.6, 3.7)
(0549, 86.6, 3.6)
(0549, 99.2, 1.5)
(0550, 86.6, 3.7)
(0550, 86.6, 3.6)
(0550, 99.2, 1.5)
(0551, 86.6, 3.7)
(0551, 86.6, 3.6)
(0551, 99.2, 1.5)
(0552, 86.6, 3.7)
(0552, 86.6, 3.6)
(0552, 99.2, 1.5)
(0553, 86.6, 3.7)
(0553, 86.6, 3.6)
(0553, 99.2, 1.5)
(0554, 86.6, 3.7)
(0554, 86.6, 3.6)
(0554, 99.2, 1.5)
(0555, 86.4, 3.6)
(0555, 100.1, 1.6)
(0556, 86.4, 3.6)
(0556, 100.1, 1.6)
(0557, 86.4, 3.6)
(0557, 100.1, 1.6)
(0558, 86.4, 3.6)
(0558, 100.1, 1.6)
(0559, 100.5, 1.6)
(0560, 100.5, 1.6)
(0561, 100.5, 1.6)
(0562, 100.5, 1.6)
(0563, 100.5, 1.6)
(0564, 100.5, 1.6)
(0565, 100.5, 1.6)
(0566, 101.5, 1.6)
(0567, 101.5, 1.6)
(0568, 101.5, 1.6)
(0569, 101.5, 1.6)
(0570, 101.5, 1.6)
(0571, 101.5, 1.6)
(0572, 102.1, 1.6)
(0573, 102.1, 1.6)
(0574, 102.1, 1.6)
(0575, 102.1, 1.6)
(0576, 102.1, 1.6)
(0583, 104.0, 1.6)
(0584, 104.0, 1.6)
(0585, 104.0, 1.6)
(0586, 104.0, 1.6)
(0587, 105.1, 1.6)
(0588, 105.1, 1.6)
(0589, 105.1, 1.6)
(0590, 105.1, 1.6)
(0591, 105.1, 1.6)
(0592, 105.1, 1.6)
(0810, 77.3, 3.7)
(0811, 77.3, 3.7)
(0812, 77.3, 3.7)
(0813, 77.3, 3.7)
(0814, 77.3, 3.7)
(0815, 77.3, 3.7)
(0835, 76.1, 3.7)
(0836, 76.1, 3.7)
(0837, 76.1, 3.7)
(0838, 76.1, 3.7)
(0839, 76.1, 3.7)
(0867, 73.5, 3.7)
(0867, 73.5, 3.6)
(0868, 73.5, 3.7)
(0868, 73.5, 3.6)
(0869, 73.5, 3.7)
(0869, 73.5, 3.6)
(0870, 73.5, 3.7)
(0870, 73.5, 3.6)
(0871, 73.5, 3.7)
(0871, 73.5, 3.6)
(0872, 73.3, 3.6)
(0872, 73.3, 3.6)
(0873, 73.3, 3.6)
(0873, 73.3, 3.6)
(0874, 73.3, 3.6)
(0874, 73.3, 3.6)
(0875, 73.3, 3.6)
(0875, 73.3, 3.6)
(0876, 73.3, 3.6)
(0876, 73.3, 3.6)
(0877, 73.3, 3.6)
(0877, 73.3, 3.6)
(0878, 73.3, 3.6)
(0878, 73.3, 3.6)
(0879, 73.3, 3.6)
(0879, 73.3, 3.6)
(0880, 73.0, 3.7)
(0880, 73.0, 3.6)
(0881, 73.0, 3.7)
(0881, 73.0, 3.6)
(0882, 73.0, 3.7)
(0882, 73.0, 3.6)
(0883, 73.0, 3.7)
(0883, 73.0, 3.6)
(0884, 73.0, 3.7)
(0884, 73.0, 3.6)
(0885, 73.0, 3.7)
(0885, 73.0, 3.6)
(0886, 73.0, 3.7)
(0886, 73.0, 3.6)
(0887, 73.0, 3.7)
(0887, 73.0, 3.6)
(0888, 72.7, 3.7)
(0888, 72.7, 3.6)
(0889, 72.7, 3.7)
(0889, 72.7, 3.6)
(0890, 72.7, 3.7)
(0890, 72.7, 3.6)
(0891, 72.7, 3.7)
(0891, 72.7, 3.6)
(0892, 72.7, 3.7)
(0892, 72.7, 3.6)
(0893, 72.7, 3.7)
(0893, 72.7, 3.6)
(0894, 72.7, 3.7)
(0894, 72.7, 3.6)
(0895, 72.7, 3.7)
(0895, 72.7, 3.6)
(0896, 72.4, 3.7)
(0896, 72.4, 3.6)
(0897, 72.4, 3.7)
(0897, 72.4, 3.6)
(0898, 72.4, 3.7)
(0898, 72.4, 3.6)
(0899, 72.4, 3.7)
(0899, 72.4, 3.6)
(0900, 72.4, 3.7)
(0900, 72.4, 3.6)
(0901, 72.4, 3.7)
(0901, 72.4, 3.6)
(0902, 72.4, 3.7)
(0902, 72.4, 3.6)
(0903, 72.1, 3.7)
(0903, 72.1, 3.6)
(0904, 72.1, 3.7)
(0904, 72.1, 3.6)
(0905, 72.1, 3.7)
(0905, 72.1, 3.6)
(0906, 72.1, 3.7)
(0906, 72.1, 3.6)
(0907, 72.1, 3.7)
(0907, 72.1, 3.6)
(0908, 71.9, 3.7)
(0908, 71.9, 3.6)
(0909, 71.9, 3.7)
(0909, 71.9, 3.6)
(0910, 71.9, 3.7)
(0910, 71.9, 3.6)
(0911, 71.9, 3.7)
(0911, 71.9, 3.6)
(0912, 71.9, 3.7)
(0912, 71.9, 3.6)
(0913, 71.9, 3.7)
(0913, 71.9, 3.6)
(0914, 71.9, 3.7)
(0914, 71.9, 3.6)
(0915, 71.6, 3.6)
(0915, 71.6, 3.6)
(0916, 71.6, 3.6)
(0916, 71.6, 3.6)
(0917, 71.6, 3.6)
(0917, 71.6, 3.6)
(0918, 71.6, 3.6)
(0918, 71.6, 3.6)
(0919, 71.6, 3.6)
(0919, 71.6, 3.6)
(0920, 71.6, 3.6)
(0920, 71.6, 3.6)
(0921, 71.6, 3.6)
(0921, 71.6, 3.6)
(0922, 71.3, 3.6)
(0922, 71.3, 3.6)
(0923, 71.3, 3.6)
(0923, 71.3, 3.6)
(0924, 71.3, 3.6)
(0924, 71.3, 3.6)
(0925, 71.3, 3.6)
(0925, 71.3, 3.6)
(0926, 71.3, 3.6)
(0926, 71.3, 3.6)
(0927, 71.1, 3.7)
(0927, 71.1, 3.6)
(0928, 71.1, 3.7)
(0928, 71.1, 3.6)
(0929, 71.1, 3.7)
(0929, 71.1, 3.6)
(0930, 71.1, 3.7)
(0930, 71.1, 3.6)
(0931, 71.1, 3.7)
(0931, 71.1, 3.6)
(0932, 71.1, 3.7)
(0932, 71.1, 3.6)
(0933, 71.1, 3.7)
(0933, 71.1, 3.6)
(0934, 70.8, 3.7)
(0934, 70.7, 3.6)
(0935, 70.8, 3.7)
(0935, 70.7, 3.6)
(0936, 70.8, 3.7)
(0936, 70.7, 3.6)
(0937, 70.8, 3.7)
(0937, 70.7, 3.6)
(0938, 70.8, 3.7)
(0938, 70.7, 3.6)
(0939, 70.8, 3.7)
(0939, 70.7, 3.6)
(0940, 70.8, 3.7)
(0940, 70.7, 3.6)
(0941, 70.8, 3.7)
(0941, 70.7, 3.6)
(0942, 70.8, 3.7)
(0942, 70.7, 3.6)
(0943, 70.4, 3.7)
(0943, 70.4, 3.6)
(0943, 70.5, 3.6)
(0944, 70.4, 3.7)
(0944, 70.4, 3.6)
(0944, 70.5, 3.6)
(0945, 70.4, 3.7)
(0945, 70.4, 3.6)
(0945, 70.5, 3.6)
(0946, 70.4, 3.7)
(0946, 70.4, 3.6)
(0946, 70.5, 3.6)
(0947, 70.4, 3.7)
(0947, 70.4, 3.6)
(0947, 70.5, 3.6)
(0948, 70.4, 3.7)
(0948, 70.4, 3.6)
(0948, 70.5, 3.6)
(0949, 70.4, 3.7)
(0949, 70.4, 3.6)
(0949, 70.5, 3.6)
(0950, 70.4, 3.7)
(0950, 70.4, 3.6)
(0950, 70.5, 3.6)
(0951, 70.4, 3.7)
(0951, 70.4, 3.6)
(0951, 70.5, 3.6)
(0952, 70.2, 3.7)
(0952, 70.2, 3.6)
(0953, 70.2, 3.7)
(0953, 70.2, 3.6)
(0954, 70.2, 3.7)
(0954, 70.2, 3.6)
(0955, 70.2, 3.7)
(0955, 70.2, 3.6)
(0956, 70.2, 3.7)
(0956, 70.2, 3.6)
(0957, 69.9, 3.7)
(0957, 69.9, 3.6)
(0957, 70.0, 3.6)
(0958, 69.9, 3.7)
(0958, 69.9, 3.6)
(0958, 70.0, 3.6)
(0959, 69.9, 3.7)
(0959, 69.9, 3.6)
(0959, 70.0, 3.6)
(0960, 69.9, 3.7)
(0960, 69.9, 3.6)
(0960, 70.0, 3.6)
(0961, 69.9, 3.7)
(0961, 69.9, 3.6)
(0961, 70.0, 3.6)
(0962, 69.9, 3.7)
(0962, 69.9, 3.6)
(0962, 70.0, 3.6)
(0963, 69.9, 3.7)
(0963, 69.9, 3.6)
(0963, 70.0, 3.6)
(0964, 69.9, 3.7)
(0964, 69.9, 3.6)
(0964, 70.0, 3.6)
(0965, 69.7, 3.7)
(0965, 69.7, 3.6)
(0966, 69.7, 3.7)
(0966, 69.7, 3.6)
(0967, 69.7, 3.7)
(0967, 69.7, 3.6)
(0968, 69.7, 3.7)
(0968, 69.7, 3.6)
(0969, 69.4, 3.7)
(0969, 69.4, 3.7)
(0969, 69.4, 3.6)
(0970, 69.4, 3.7)
(0970, 69.4, 3.7)
(0970, 69.4, 3.6)
(0971, 69.4, 3.7)
(0971, 69.4, 3.7)
(0971, 69.4, 3.6)
(0972, 69.4, 3.7)
(0972, 69.4, 3.7)
(0972, 69.4, 3.6)
(0973, 69.4, 3.7)
(0973, 69.4, 3.7)
(0973, 69.4, 3.6)
(0974, 69.4, 3.7)
(0974, 69.4, 3.7)
(0974, 69.4, 3.6)
(0975, 69.4, 3.7)
(0975, 69.4, 3.7)
(0975, 69.4, 3.6)
(0976, 69.4, 3.7)
(0976, 69.4, 3.7)
(0976, 69.4, 3.6)
(0977, 69.4, 3.7)
(0977, 69.4, 3.7)
(0977, 69.4, 3.6)
(0978, 69.4, 3.7)
(0978, 69.4, 3.7)
(0978, 69.4, 3.6)
(0979, 69.0, 3.7)
(0979, 69.1, 3.6)
(0980, 69.0, 3.7)
(0980, 69.1, 3.6)
(0981, 69.0, 3.7)
(0981, 69.1, 3.6)
(0982, 69.0, 3.7)
(0982, 69.1, 3.6)
(0983, 69.0, 3.7)
(0983, 69.1, 3.6)
(0984, 69.0, 3.7)
(0984, 69.1, 3.6)
(0985, 69.0, 3.7)
(0985, 69.1, 3.6)
(0986, 69.0, 3.7)
(0986, 69.1, 3.6)
(0987, 68.7, 3.7)
(0987, 68.8, 3.6)
(0988, 68.7, 3.7)
(0988, 68.8, 3.6)
(0989, 68.7, 3.7)
(0989, 68.8, 3.6)
(0990, 68.7, 3.7)
(0990, 68.8, 3.6)
(0991, 68.7, 3.7)
(0991, 68.8, 3.6)
(0992, 68.7, 3.7)
(0992, 68.8, 3.6)
(0993, 68.4, 3.7)
(0993, 68.5, 3.6)
(0994, 68.4, 3.7)
(0994, 68.5, 3.6)
(0995, 68.4, 3.7)
(0995, 68.5, 3.6)
(0996, 68.4, 3.7)
(0996, 68.5, 3.6)
(0997, 68.4, 3.7)
(0997, 68.5, 3.6)
(0998, 68.4, 3.7)
(0998, 68.5, 3.6)
(0999, 68.4, 3.7)
(0999, 68.5, 3.6)
(1000, 68.2, 3.7)
(1000, 68.1, 3.6)
(1001, 68.2, 3.7)
(1001, 68.1, 3.6)
(1002, 68.2, 3.7)
(1002, 68.1, 3.6)
(1003, 68.2, 3.7)
(1003, 68.1, 3.6)
(1004, 68.2, 3.7)
(1004, 68.1, 3.6)
(1005, 68.2, 3.7)
(1005, 68.1, 3.6)
(1006, 68.2, 3.7)
(1006, 68.1, 3.6)
(1007, 68.0, 3.7)
(1007, 68.0, 3.6)
(1008, 68.0, 3.7)
(1008, 68.0, 3.6)
(1009, 68.0, 3.7)
(1009, 68.0, 3.6)
(1010, 68.0, 3.7)
(1010, 68.0, 3.6)
(1011, 68.0, 3.7)
(1011, 68.0, 3.6)
(1012, 67.7, 3.7)
(1012, 67.7, 3.6)
(1013, 67.7, 3.7)
(1013, 67.7, 3.6)
(1014, 67.7, 3.7)
(1014, 67.7, 3.6)
(1015, 67.7, 3.7)
(1015, 67.7, 3.6)
(1016, 67.7, 3.7)
(1016, 67.7, 3.6)
(1017, 67.7, 3.7)
(1017, 67.7, 3.6)
(1018, 67.7, 3.7)
(1018, 67.7, 3.6)
(1019, 67.7, 3.7)
(1019, 67.7, 3.6)
(1020, 67.7, 3.7)
(1020, 67.7, 3.6)
(1021, 67.5, 3.7)
(1021, 67.5, 3.6)
(1022, 67.5, 3.7)
(1022, 67.5, 3.6)
(1023, 67.5, 3.7)
(1023, 67.5, 3.6)
(1024, 67.5, 3.7)
(1024, 67.5, 3.6)
(1025, 67.5, 3.7)
(1025, 67.5, 3.6)
(1026, 67.5, 3.7)
(1026, 67.5, 3.6)
(1027, 67.5, 3.7)
(1027, 67.5, 3.6)
(1028, 67.5, 3.7)
(1028, 67.5, 3.6)
(1029, 67.4, 3.7)
(1029, 67.4, 3.6)
(1030, 67.4, 3.7)
(1030, 67.4, 3.6)
(1031, 67.4, 3.7)
(1031, 67.4, 3.6)
(1032, 67.4, 3.7)
(1032, 67.4, 3.6)
(1033, 67.4, 3.7)
(1033, 67.4, 3.6)
(1034, 67.4, 3.7)
(1034, 67.4, 3.6)
(1035, 67.4, 3.7)
(1035, 67.4, 3.6)
(1036, 67.4, 3.7)
(1036, 67.3, 3.6)
(1037, 67.4, 3.7)
(1037, 67.3, 3.6)
(1038, 67.4, 3.7)
(1038, 67.3, 3.6)
(1039, 67.4, 3.7)
(1039, 67.3, 3.6)
(1040, 67.4, 3.7)
(1040, 67.3, 3.6)
(1041, 67.4, 3.7)
(1041, 67.3, 3.6)
(1042, 67.3, 3.7)
(1042, 67.4, 3.6)
(1043, 67.3, 3.7)
(1043, 67.4, 3.6)
(1044, 67.3, 3.7)
(1044, 67.4, 3.6)
(1045, 67.3, 3.7)
(1045, 67.4, 3.6)
(1046, 67.3, 3.7)
(1046, 67.4, 3.6)
(1047, 67.3, 3.7)
(1047, 67.4, 3.6)
(1048, 67.3, 3.7)
(1048, 67.4, 3.6)
(1049, 67.4, 3.7)
(1049, 67.4, 3.6)
(1049, 67.4, 3.6)
(1050, 67.4, 3.7)
(1050, 67.4, 3.6)
(1050, 67.4, 3.6)
(1051, 67.4, 3.7)
(1051, 67.4, 3.6)
(1051, 67.4, 3.6)
(1052, 67.4, 3.7)
(1052, 67.4, 3.6)
(1052, 67.4, 3.6)
(1053, 67.4, 3.7)
(1053, 67.4, 3.6)
(1053, 67.4, 3.6)
(1054, 67.4, 3.7)
(1054, 67.4, 3.6)
(1054, 67.4, 3.6)
(1055, 67.4, 3.7)
(1055, 67.4, 3.6)
(1055, 67.4, 3.6)
(1056, 67.4, 3.7)
(1056, 67.4, 3.6)
(1056, 67.4, 3.6)
(1057, 67.4, 3.7)
(1057, 67.4, 3.6)
(1057, 67.4, 3.6)
(1058, 67.4, 3.7)
(1058, 67.4, 3.6)
(1058, 67.4, 3.6)
(1059, 67.4, 3.7)
(1059, 67.4, 3.6)
(1059, 67.4, 3.6)
(1060, 67.4, 3.7)
(1060, 67.4, 3.6)
(1060, 67.4, 3.6)
(1061, 67.5, 3.7)
(1061, 67.4, 3.6)
(1061, 67.5, 3.6)
(1062, 67.5, 3.7)
(1062, 67.4, 3.6)
(1062, 67.5, 3.6)
(1063, 67.5, 3.7)
(1063, 67.4, 3.6)
(1063, 67.5, 3.6)
(1064, 67.5, 3.7)
(1064, 67.4, 3.6)
(1064, 67.5, 3.6)
(1065, 67.5, 3.7)
(1065, 67.4, 3.6)
(1065, 67.5, 3.6)
(1066, 67.6, 3.7)
(1066, 67.6, 3.6)
(1067, 67.6, 3.7)
(1067, 67.6, 3.6)
(1068, 67.6, 3.7)
(1068, 67.6, 3.6)
(1069, 67.6, 3.7)
(1069, 67.6, 3.6)
(1070, 67.6, 3.7)
(1070, 67.6, 3.6)
(1071, 67.7, 3.7)
(1071, 67.7, 3.6)
(1072, 67.7, 3.7)
(1072, 67.7, 3.6)
(1073, 67.7, 3.7)
(1073, 67.7, 3.6)
(1074, 67.7, 3.7)
(1074, 67.7, 3.6)
(1075, 67.7, 3.7)
(1075, 67.7, 3.6)
(1076, 67.8, 3.7)
(1076, 67.8, 3.6)
(1077, 67.8, 3.7)
(1077, 67.8, 3.6)
(1078, 67.8, 3.7)
(1078, 67.8, 3.6)
(1079, 67.8, 3.7)
(1079, 67.8, 3.6)
(1080, 67.8, 3.7)
(1080, 67.8, 3.6)
(1081, 67.8, 3.7)
(1081, 67.8, 3.6)
(1082, 67.8, 3.7)
(1082, 67.8, 3.6)
(1083, 67.9, 3.6)
(1083, 68.0, 3.6)
(1084, 67.9, 3.6)
(1084, 68.0, 3.6)
(1085, 67.9, 3.6)
(1085, 68.0, 3.6)
(1086, 67.9, 3.6)
(1086, 68.0, 3.6)
(1087, 67.9, 3.6)
(1087, 68.0, 3.6)
(1088, 67.9, 3.6)
(1088, 68.0, 3.6)
(1089, 67.9, 3.6)
(1089, 68.0, 3.6)
(1090, 67.9, 3.6)
(1090, 68.0, 3.6)
(1091, 68.1, 3.7)
(1091, 68.1, 3.6)
(1092, 68.1, 3.7)
(1092, 68.1, 3.6)
(1093, 68.1, 3.7)
(1093, 68.1, 3.6)
(1094, 68.1, 3.7)
(1094, 68.1, 3.6)
(1095, 68.1, 3.7)
(1095, 68.1, 3.6)
(1096, 68.1, 3.7)
(1096, 68.1, 3.6)
(1097, 68.1, 3.7)
(1097, 68.1, 3.6)
(1098, 68.2, 3.6)
(1098, 68.2, 3.6)
(1099, 68.2, 3.6)
(1099, 68.2, 3.6)
(1100, 68.2, 3.6)
(1100, 68.2, 3.6)
(1101, 68.2, 3.6)
(1101, 68.2, 3.6)
(1102, 68.2, 3.6)
(1102, 68.2, 3.6)
(1103, 68.4, 3.7)
(1103, 68.4, 3.6)
(1103, 68.4, 3.6)
(1104, 68.4, 3.7)
(1104, 68.4, 3.6)
(1104, 68.4, 3.6)
(1105, 68.4, 3.7)
(1105, 68.4, 3.6)
(1105, 68.4, 3.6)
(1106, 68.4, 3.7)
(1106, 68.4, 3.6)
(1106, 68.4, 3.6)
(1107, 68.4, 3.7)
(1107, 68.4, 3.6)
(1107, 68.4, 3.6)
(1108, 68.4, 3.7)
(1108, 68.4, 3.6)
(1108, 68.4, 3.6)
(1109, 68.4, 3.7)
(1109, 68.4, 3.6)
(1109, 68.4, 3.6)
(1110, 68.4, 3.7)
(1110, 68.4, 3.6)
(1110, 68.4, 3.6)
(1111, 68.4, 3.7)
(1111, 68.4, 3.6)
(1111, 68.4, 3.6)
(1112, 68.6, 3.7)
(1112, 68.6, 3.6)
(1112, 68.6, 3.6)
(1113, 68.6, 3.7)
(1113, 68.6, 3.6)
(1113, 68.6, 3.6)
(1114, 68.6, 3.7)
(1114, 68.6, 3.6)
(1114, 68.6, 3.6)
(1115, 68.6, 3.7)
(1115, 68.6, 3.6)
(1115, 68.6, 3.6)
(1116, 68.6, 3.7)
(1116, 68.6, 3.6)
(1116, 68.6, 3.6)
(1117, 68.6, 3.7)
(1117, 68.6, 3.6)
(1117, 68.6, 3.6)
(1118, 68.6, 3.7)
(1118, 68.6, 3.6)
(1118, 68.6, 3.6)
(1119, 68.6, 3.7)
(1119, 68.6, 3.6)
(1119, 68.6, 3.6)
(1120, 68.6, 3.7)
(1120, 68.6, 3.6)
(1120, 68.6, 3.6)
(1121, 68.7, 3.6)
(1121, 68.7, 3.6)
(1122, 68.7, 3.6)
(1122, 68.7, 3.6)
(1123, 68.7, 3.6)
(1123, 68.7, 3.6)
(1124, 68.7, 3.6)
(1124, 68.7, 3.6)
(1125, 68.7, 3.6)
(1125, 68.7, 3.6)
(1126, 68.7, 3.6)
(1126, 68.7, 3.6)
(1127, 68.9, 3.6)
(1127, 68.8, 3.6)
(1128, 68.9, 3.6)
(1128, 68.8, 3.6)
(1129, 68.9, 3.6)
(1129, 68.8, 3.6)
(1130, 68.9, 3.6)
(1130, 68.8, 3.6)
(1131, 68.9, 3.6)
(1131, 68.8, 3.6)
(1132, 68.9, 3.6)
(1132, 68.8, 3.6)
(1133, 68.9, 3.6)
(1133, 68.8, 3.6)
(1134, 69.0, 3.6)
(1134, 69.0, 3.6)
(1135, 69.0, 3.6)
(1135, 69.0, 3.6)
(1136, 69.0, 3.6)
(1136, 69.0, 3.6)
(1137, 69.0, 3.6)
(1137, 69.0, 3.6)
(1138, 69.0, 3.6)
(1138, 69.0, 3.6)
(1139, 69.0, 3.6)
(1139, 69.0, 3.6)
(1140, 69.0, 3.6)
(1140, 69.0, 3.6)
(1141, 69.2, 3.6)
(1141, 69.2, 3.6)
(1142, 69.2, 3.6)
(1142, 69.2, 3.6)
(1143, 69.2, 3.6)
(1143, 69.2, 3.6)
(1144, 69.2, 3.6)
(1144, 69.2, 3.6)
(1145, 69.2, 3.6)
(1145, 69.2, 3.6)
(1146, 69.3, 3.7)
(1146, 69.3, 3.6)
(1146, 69.3, 3.6)
(1147, 69.3, 3.7)
(1147, 69.3, 3.6)
(1147, 69.3, 3.6)
(1148, 69.3, 3.7)
(1148, 69.3, 3.6)
(1148, 69.3, 3.6)
(1149, 69.3, 3.7)
(1149, 69.3, 3.6)
(1149, 69.3, 3.6)
(1150, 69.3, 3.7)
(1150, 69.3, 3.6)
(1150, 69.3, 3.6)
(1151, 69.3, 3.7)
(1151, 69.3, 3.6)
(1151, 69.3, 3.6)
(1152, 69.3, 3.7)
(1152, 69.3, 3.6)
(1152, 69.3, 3.6)
(1153, 69.3, 3.7)
(1153, 69.3, 3.6)
(1153, 69.3, 3.6)
(1154, 69.5, 3.7)
(1154, 69.5, 3.6)
(1155, 69.5, 3.7)
(1155, 69.5, 3.6)
(1156, 69.5, 3.7)
(1156, 69.5, 3.6)
(1157, 69.5, 3.7)
(1157, 69.5, 3.6)
(1158, 69.5, 3.7)
(1158, 69.5, 3.6)
(1159, 69.5, 3.7)
(1159, 69.5, 3.6)
(1160, 69.5, 3.7)
(1160, 69.5, 3.6)
(1161, 69.5, 3.7)
(1161, 69.5, 3.6)
(1162, 69.6, 3.7)
(1162, 69.6, 3.6)
(1163, 69.6, 3.7)
(1163, 69.6, 3.6)
(1164, 69.6, 3.7)
(1164, 69.6, 3.6)
(1165, 69.6, 3.7)
(1165, 69.6, 3.6)
(1166, 69.6, 3.7)
(1166, 69.6, 3.6)
(1167, 69.6, 3.7)
(1167, 69.6, 3.6)
(1168, 69.6, 3.7)
(1168, 69.6, 3.6)
(1169, 69.8, 3.6)
(1169, 69.7, 3.6)
(1170, 69.8, 3.6)
(1170, 69.7, 3.6)
(1171, 69.8, 3.6)
(1171, 69.7, 3.6)
(1172, 69.8, 3.6)
(1172, 69.7, 3.6)
(1173, 69.8, 3.6)
(1173, 69.7, 3.6)
(1174, 69.8, 3.6)
(1174, 69.7, 3.6)
(1175, 69.8, 3.6)
(1175, 69.7, 3.6)
(1176, 69.8, 3.6)
(1176, 69.7, 3.6)
(1177, 69.8, 3.6)
(1177, 69.7, 3.6)
(1178, 69.9, 3.6)
(1178, 70.0, 3.6)
(1179, 69.9, 3.6)
(1179, 70.0, 3.6)
(1180, 69.9, 3.6)
(1180, 70.0, 3.6)
(1181, 69.9, 3.6)
(1181, 70.0, 3.6)
(1182, 69.9, 3.6)
(1182, 70.0, 3.6)
(1183, 70.1, 3.6)
(1183, 70.1, 3.6)
(1184, 70.1, 3.6)
(1184, 70.1, 3.6)
(1185, 70.1, 3.6)
(1185, 70.1, 3.6)
(1186, 70.1, 3.6)
(1186, 70.1, 3.6)
(1187, 70.1, 3.6)
(1187, 70.1, 3.6)
(1188, 70.2, 3.6)
(1188, 70.2, 3.6)
(1189, 70.2, 3.6)
(1189, 70.2, 3.6)
(1190, 70.2, 3.6)
(1190, 70.2, 3.6)
(1191, 70.2, 3.6)
(1191, 70.2, 3.6)
(1192, 70.2, 3.6)
(1192, 70.2, 3.6)
(1193, 70.2, 3.6)
(1193, 70.2, 3.6)
(1194, 70.2, 3.6)
(1194, 70.2, 3.6)
(1195, 70.2, 3.6)
(1195, 70.2, 3.6)
(1196, 70.2, 3.6)
(1196, 70.2, 3.6)
(1197, 70.3, 3.6)
(1197, 70.3, 3.6)
(1198, 70.3, 3.6)
(1198, 70.3, 3.6)
(1199, 70.3, 3.6)
(1199, 70.3, 3.6)
(1200, 70.3, 3.6)
(1200, 70.3, 3.6)
(1201, 70.3, 3.6)
(1201, 70.3, 3.6)
(1202, 70.4, 3.6)
(1202, 70.4, 3.6)
(1203, 70.4, 3.6)
(1203, 70.4, 3.6)
(1204, 70.4, 3.6)
(1204, 70.4, 3.6)
(1205, 70.4, 3.6)
(1205, 70.4, 3.6)
(1206, 70.4, 3.6)
(1206, 70.4, 3.6)
(1207, 70.5, 3.6)
(1207, 70.5, 3.6)
(1208, 70.5, 3.6)
(1208, 70.5, 3.6)
(1209, 70.5, 3.6)
(1209, 70.5, 3.6)
(1210, 70.5, 3.6)
(1210, 70.5, 3.6)
(1211, 70.5, 3.6)
(1211, 70.5, 3.6)
(1212, 70.5, 3.6)
(1212, 70.5, 3.6)
(1213, 70.5, 3.6)
(1213, 70.5, 3.6)
(1214, 70.5, 3.6)
(1214, 70.5, 3.6)
(1215, 70.7, 3.6)
(1215, 70.7, 3.6)
(1216, 70.7, 3.6)
(1216, 70.7, 3.6)
(1217, 70.7, 3.6)
(1217, 70.7, 3.6)
(1218, 70.7, 3.6)
(1218, 70.7, 3.6)
(1219, 70.7, 3.6)
(1219, 70.7, 3.6)
(1220, 70.7, 3.6)
(1220, 70.7, 3.6)
(1221, 70.7, 3.6)
(1221, 70.7, 3.6)
(1222, 70.7, 3.6)
(1222, 70.7, 3.6)
(1223, 70.8, 3.6)
(1223, 70.8, 3.6)
(1224, 70.8, 3.6)
(1224, 70.8, 3.6)
(1225, 70.8, 3.6)
(1225, 70.8, 3.6)
(1226, 70.8, 3.6)
(1226, 70.8, 3.6)
(1227, 70.8, 3.6)
(1227, 70.8, 3.6)
(1228, 71.0, 3.7)
(1228, 71.0, 3.6)
(1228, 71.0, 3.6)
(1229, 71.0, 3.7)
(1229, 71.0, 3.6)
(1229, 71.0, 3.6)
(1230, 71.0, 3.7)
(1230, 71.0, 3.6)
(1230, 71.0, 3.6)
(1231, 71.0, 3.7)
(1231, 71.0, 3.6)
(1231, 71.0, 3.6)
(1232, 71.0, 3.7)
(1232, 71.0, 3.6)
(1232, 71.0, 3.6)
(1233, 71.0, 3.7)
(1233, 71.0, 3.6)
(1233, 71.0, 3.6)
(1234, 71.0, 3.7)
(1234, 71.0, 3.6)
(1234, 71.0, 3.6)
(1235, 71.0, 3.7)
(1235, 71.0, 3.6)
(1235, 71.0, 3.6)
(1236, 71.0, 3.7)
(1236, 71.0, 3.6)
(1236, 71.0, 3.6)
(1237, 71.0, 3.7)
(1237, 71.0, 3.6)
(1237, 71.0, 3.6)
(1238, 71.0, 3.7)
(1238, 71.0, 3.6)
(1238, 71.0, 3.6)
(1239, 71.2, 3.6)
(1239, 71.2, 3.6)
(1240, 71.2, 3.6)
(1240, 71.2, 3.6)
(1241, 71.2, 3.6)
(1241, 71.2, 3.6)
(1242, 71.2, 3.6)
(1242, 71.2, 3.6)
(1243, 71.2, 3.6)
(1243, 71.2, 3.6)
(1244, 71.2, 3.6)
(1244, 71.2, 3.6)
(1245, 71.2, 3.6)
(1245, 71.2, 3.6)
(1246, 71.2, 3.6)
(1246, 71.2, 3.6)
(1247, 71.3, 3.6)
(1247, 71.3, 3.6)
(1248, 71.3, 3.6)
(1248, 71.3, 3.6)
(1249, 71.3, 3.6)
(1249, 71.3, 3.6)
(1250, 71.3, 3.6)
(1250, 71.3, 3.6)
(1251, 71.3, 3.6)
(1251, 71.3, 3.6)
(1252, 71.3, 3.6)
(1252, 71.3, 3.6)
(1253, 71.3, 3.6)
(1253, 71.3, 3.6)
(1254, 71.3, 3.6)
(1254, 71.3, 3.6)
(1255, 71.5, 3.6)
(1255, 71.4, 3.6)
(1255, 71.5, 3.6)
(1256, 71.5, 3.6)
(1256, 71.4, 3.6)
(1256, 71.5, 3.6)
(1257, 71.5, 3.6)
(1257, 71.4, 3.6)
(1257, 71.5, 3.6)
(1258, 71.5, 3.6)
(1258, 71.4, 3.6)
(1258, 71.5, 3.6)
(1259, 71.5, 3.6)
(1259, 71.4, 3.6)
(1259, 71.5, 3.6)
(1260, 71.5, 3.6)
(1260, 71.4, 3.6)
(1260, 71.5, 3.6)
(1261, 71.5, 3.6)
(1261, 71.4, 3.6)
(1261, 71.5, 3.6)
(1262, 71.5, 3.6)
(1262, 71.4, 3.6)
(1262, 71.5, 3.6)
(1263, 71.6, 3.6)
(1263, 71.6, 3.6)
(1264, 71.6, 3.6)
(1264, 71.6, 3.6)
(1265, 71.6, 3.6)
(1265, 71.6, 3.6)
(1266, 71.6, 3.6)
(1266, 71.6, 3.6)
(1267, 71.6, 3.6)
(1267, 71.6, 3.6)
(1268, 71.6, 3.6)
(1268, 71.6, 3.6)
(1269, 71.6, 3.6)
(1269, 71.6, 3.6)
(1270, 71.6, 3.6)
(1270, 71.6, 3.6)
(1271, 71.6, 3.6)
(1271, 71.6, 3.6)
(1272, 71.7, 3.6)
(1272, 71.7, 3.6)
(1273, 71.7, 3.6)
(1273, 71.7, 3.6)
(1274, 71.7, 3.6)
(1274, 71.7, 3.6)
(1275, 71.7, 3.6)
(1275, 71.7, 3.6)
(1276, 71.7, 3.6)
(1276, 71.7, 3.6)
(1277, 71.9, 3.6)
(1277, 71.9, 3.6)
(1278, 71.9, 3.6)
(1278, 71.9, 3.6)
(1279, 71.9, 3.6)
(1279, 71.9, 3.6)
(1280, 71.9, 3.6)
(1280, 71.9, 3.6)
(1281, 71.9, 3.6)
(1281, 71.9, 3.6)
(1282, 71.9, 3.6)
(1282, 71.9, 3.6)
(1283, 71.9, 3.6)
(1283, 71.9, 3.6)
(1284, 71.9, 3.6)
(1284, 71.9, 3.6)
(1285, 71.9, 3.6)
(1285, 71.9, 3.6)
(1286, 72.0, 3.6)
(1286, 72.0, 3.6)
(1287, 72.0, 3.6)
(1287, 72.0, 3.6)
(1288, 72.0, 3.6)
(1288, 72.0, 3.6)
(1289, 72.0, 3.6)
(1289, 72.0, 3.6)
(1290, 72.0, 3.6)
(1290, 72.0, 3.6)
(1291, 72.0, 3.6)
(1291, 72.0, 3.6)
(1292, 72.0, 3.6)
(1292, 72.0, 3.6)
(1293, 72.0, 3.6)
(1293, 72.0, 3.6)
(1294, 72.2, 3.6)
(1294, 72.2, 3.6)
(1295, 72.2, 3.6)
(1295, 72.2, 3.6)
(1296, 72.2, 3.6)
(1296, 72.2, 3.6)
(1297, 72.2, 3.6)
(1297, 72.2, 3.6)
(1298, 72.3, 3.6)
(1298, 72.3, 3.6)
(1299, 72.3, 3.6)
(1299, 72.3, 3.6)
(1300, 72.3, 3.6)
(1300, 72.3, 3.6)
(1301, 72.3, 3.6)
(1301, 72.3, 3.6)
(1302, 72.3, 3.6)
(1302, 72.3, 3.6)
(1303, 72.3, 3.6)
(1303, 72.3, 3.6)
(1304, 72.3, 3.6)
(1304, 72.3, 3.6)
(1305, 72.3, 3.6)
(1305, 72.3, 3.6)
(1306, 72.4, 3.6)
(1306, 72.4, 3.6)
(1307, 72.4, 3.6)
(1307, 72.4, 3.6)
(1308, 72.4, 3.6)
(1308, 72.4, 3.6)
(1309, 72.4, 3.6)
(1309, 72.4, 3.6)
(1310, 72.4, 3.6)
(1310, 72.4, 3.6)
(1311, 72.4, 3.6)
(1311, 72.4, 3.6)
(1312, 72.4, 3.6)
(1312, 72.4, 3.6)
(1313, 72.4, 3.6)
(1313, 72.4, 3.6)
(1314, 72.4, 3.6)
(1314, 72.4, 3.6)
(1315, 72.6, 3.6)
(1315, 72.5, 3.6)
(1316, 72.6, 3.6)
(1316, 72.5, 3.6)
(1317, 72.6, 3.6)
(1317, 72.5, 3.6)
(1318, 72.6, 3.6)
(1318, 72.5, 3.6)
(1319, 72.6, 3.6)
(1319, 72.5, 3.6)
(1320, 72.6, 3.6)
(1320, 72.5, 3.6)
(1321, 72.6, 3.6)
(1321, 72.5, 3.6)
(1322, 72.6, 3.6)
(1322, 72.5, 3.6)
(1323, 72.7, 3.6)
(1323, 72.7, 3.6)
(1324, 72.7, 3.6)
(1324, 72.7, 3.6)
(1325, 72.7, 3.6)
(1325, 72.7, 3.6)
(1326, 72.7, 3.6)
(1326, 72.7, 3.6)
(1327, 72.7, 3.6)
(1327, 72.7, 3.6)
(1328, 72.7, 3.6)
(1328, 72.7, 3.6)
(1329, 72.8, 3.6)
(1329, 72.8, 3.6)
(1330, 72.8, 3.6)
(1330, 72.8, 3.6)
(1331, 72.8, 3.6)
(1331, 72.8, 3.6)
(1332, 72.8, 3.6)
(1332, 72.8, 3.6)
(1333, 72.8, 3.6)
(1333, 72.8, 3.6)
(1334, 72.9, 3.6)
(1334, 72.9, 3.6)
(1335, 72.9, 3.6)
(1335, 72.9, 3.6)
(1336, 72.9, 3.6)
(1336, 72.9, 3.6)
(1337, 72.9, 3.6)
(1337, 72.9, 3.6)
(1338, 72.9, 3.6)
(1338, 72.9, 3.6)
(1339, 72.9, 3.6)
(1339, 72.9, 3.6)
(1340, 72.9, 3.6)
(1340, 72.9, 3.6)
(1341, 73.0, 3.6)
(1341, 73.0, 3.6)
(1342, 73.0, 3.6)
(1342, 73.0, 3.6)
(1343, 73.0, 3.6)
(1343, 73.0, 3.6)
(1344, 73.0, 3.6)
(1344, 73.0, 3.6)
(1345, 73.0, 3.6)
(1345, 73.0, 3.6)
(1346, 73.1, 3.6)
(1346, 73.2, 3.6)
(1347, 73.1, 3.6)
(1347, 73.2, 3.6)
(1348, 73.1, 3.6)
(1348, 73.2, 3.6)
(1349, 73.1, 3.6)
(1349, 73.2, 3.6)
(1350, 73.1, 3.6)
(1350, 73.2, 3.6)
(1351, 73.1, 3.6)
(1351, 73.2, 3.6)
(1352, 73.1, 3.6)
(1352, 73.2, 3.6)
(1353, 73.1, 3.6)
(1353, 73.2, 3.6)
(1354, 73.1, 3.6)
(1354, 73.2, 3.6)
(1355, 73.1, 3.6)
(1355, 73.2, 3.6)
(1356, 73.1, 3.6)
(1356, 73.2, 3.6)
(1357, 73.3, 3.6)
(1357, 73.3, 3.6)
(1358, 73.3, 3.6)
(1358, 73.3, 3.6)
(1359, 73.3, 3.6)
(1359, 73.3, 3.6)
(1360, 73.3, 3.6)
(1360, 73.3, 3.6)
(1361, 73.4, 3.6)
(1361, 73.4, 3.6)
(1362, 73.4, 3.6)
(1362, 73.4, 3.6)
(1363, 73.4, 3.6)
(1363, 73.4, 3.6)
(1364, 73.4, 3.6)
(1364, 73.4, 3.6)
(1365, 73.4, 3.6)
(1365, 73.4, 3.6)
(1366, 73.4, 3.6)
(1366, 73.4, 3.6)
(1367, 73.4, 3.6)
(1367, 73.4, 3.6)
(1368, 73.5, 3.6)
(1368, 73.5, 3.6)
(1369, 73.5, 3.6)
(1369, 73.5, 3.6)
(1370, 73.5, 3.6)
(1370, 73.5, 3.6)
(1371, 73.5, 3.6)
(1371, 73.5, 3.6)
(1372, 73.5, 3.6)
(1372, 73.5, 3.6)
(1373, 73.7, 3.6)
(1374, 73.7, 3.6)
(1375, 73.7, 3.6)
(1376, 73.7, 3.6)
(1377, 73.7, 3.6)
(1378, 73.7, 3.6)
(1379, 73.7, 3.6)
(1380, 73.8, 3.6)
(1380, 73.8, 3.6)
(1381, 73.8, 3.6)
(1381, 73.8, 3.6)
(1382, 73.8, 3.6)
(1382, 73.8, 3.6)
(1383, 73.8, 3.6)
(1383, 73.8, 3.6)
(1384, 73.8, 3.6)
(1384, 73.8, 3.6)
(1385, 73.8, 3.6)
(1385, 73.8, 3.6)
(1386, 73.8, 3.6)
(1386, 73.8, 3.6)
(1387, 73.8, 3.6)
(1387, 73.8, 3.6)
(1388, 73.8, 3.6)
(1388, 73.8, 3.6)
(1389, 73.8, 3.6)
(1389, 73.8, 3.6)
(1390, 74.0, 3.6)
(1390, 73.9, 3.6)
(1391, 74.0, 3.6)
(1391, 73.9, 3.6)
(1392, 74.0, 3.6)
(1392, 73.9, 3.6)
(1393, 74.0, 3.6)
(1393, 73.9, 3.6)
(1394, 74.0, 3.6)
(1394, 73.9, 3.6)
(1395, 74.0, 3.6)
(1395, 73.9, 3.6)
(1396, 74.0, 3.6)
(1396, 73.9, 3.6)
(1397, 74.1, 3.6)
(1398, 74.1, 3.6)
(1399, 74.1, 3.6)
(1400, 74.1, 3.6)
(1401, 74.1, 3.6)
(1402, 74.2, 3.6)
(1402, 74.2, 3.6)
(1403, 74.2, 3.6)
(1403, 74.2, 3.6)
(1404, 74.2, 3.6)
(1404, 74.2, 3.6)
(1405, 74.2, 3.6)
(1405, 74.2, 3.6)
(1406, 74.2, 3.6)
(1406, 74.2, 3.6)
(1407, 74.2, 3.6)
(1407, 74.2, 3.6)
(1408, 74.2, 3.6)
(1408, 74.2, 3.6)
(1409, 74.2, 3.6)
(1409, 74.2, 3.6)
(1410, 74.3, 3.6)
(1410, 74.3, 3.6)
(1411, 74.3, 3.6)
(1411, 74.3, 3.6)
(1412, 74.3, 3.6)
(1412, 74.3, 3.6)
(1413, 74.3, 3.6)
(1413, 74.3, 3.6)
(1414, 74.3, 3.6)
(1414, 74.3, 3.6)
(1415, 74.3, 3.6)
(1415, 74.3, 3.6)
(1416, 74.3, 3.6)
(1416, 74.3, 3.6)
(1417, 74.5, 3.6)
(1417, 74.5, 3.6)
(1418, 74.5, 3.6)
(1418, 74.5, 3.6)
(1419, 74.5, 3.6)
(1419, 74.5, 3.6)
(1420, 74.5, 3.6)
(1420, 74.5, 3.6)
(1421, 74.5, 3.6)
(1421, 74.5, 3.6)
(1422, 74.6, 3.6)
(1422, 74.6, 3.6)
(1423, 74.6, 3.6)
(1423, 74.6, 3.6)
(1424, 74.6, 3.6)
(1424, 74.6, 3.6)
(1425, 74.6, 3.6)
(1425, 74.6, 3.6)
(1426, 74.6, 3.6)
(1426, 74.6, 3.6)
(1427, 74.6, 3.6)
(1427, 74.6, 3.6)
(1428, 74.8, 3.6)
(1428, 74.8, 3.6)
(1429, 74.8, 3.6)
(1429, 74.8, 3.6)
(1430, 74.8, 3.6)
(1430, 74.8, 3.6)
(1431, 74.8, 3.6)
(1431, 74.8, 3.6)
(1432, 74.8, 3.6)
(1432, 74.8, 3.6)
(1433, 74.8, 3.6)
(1433, 74.8, 3.6)
(1434, 74.9, 3.6)
(1434, 74.9, 3.6)
(1435, 74.9, 3.6)
(1435, 74.9, 3.6)
(1436, 74.9, 3.6)
(1436, 74.9, 3.6)
(1437, 74.9, 3.6)
(1437, 74.9, 3.6)
(1438, 74.9, 3.6)
(1438, 74.9, 3.6)
(1439, 74.9, 3.6)
(1439, 74.9, 3.6)
(1440, 74.9, 3.6)
(1440, 74.9, 3.6)
(1441, 74.9, 3.6)
(1441, 74.9, 3.6)
(1442, 74.9, 3.6)
(1442, 74.9, 3.6)
(1443, 74.9, 3.6)
(1443, 74.9, 3.6)
(1444, 75.2, 3.6)
(1444, 75.1, 3.6)
(1445, 75.2, 3.6)
(1445, 75.1, 3.6)
(1446, 75.2, 3.6)
(1446, 75.1, 3.6)
(1447, 75.2, 3.6)
(1447, 75.1, 3.6)
(1448, 75.2, 3.6)
(1448, 75.1, 3.6)
(1449, 75.2, 3.6)
(1449, 75.1, 3.6)
(1450, 75.4, 3.6)
(1450, 75.4, 3.6)
(1451, 75.4, 3.6)
(1451, 75.4, 3.6)
(1452, 75.4, 3.6)
(1452, 75.4, 3.6)
(1453, 75.4, 3.6)
(1453, 75.4, 3.6)
(1454, 75.4, 3.6)
(1454, 75.4, 3.6)
(1455, 75.6, 3.6)
(1455, 75.6, 3.6)
(1456, 75.6, 3.6)
(1456, 75.6, 3.6)
(1457, 75.6, 3.6)
(1457, 75.6, 3.6)
(1458, 75.6, 3.6)
(1458, 75.6, 3.6)
(1459, 75.6, 3.6)
(1459, 75.6, 3.6)
(1460, 75.6, 3.6)
(1460, 75.6, 3.6)
(1461, 75.6, 3.6)
(1461, 75.6, 3.6)
(1462, 75.8, 3.6)
(1462, 75.8, 3.6)
(1463, 75.8, 3.6)
(1463, 75.8, 3.6)
(1464, 75.8, 3.6)
(1464, 75.8, 3.6)
(1465, 75.8, 3.6)
(1465, 75.8, 3.6)
(1466, 75.8, 3.6)
(1466, 75.8, 3.6)
(1467, 75.8, 3.6)
(1467, 75.8, 3.6)
(1468, 75.8, 3.6)
(1468, 75.8, 3.6)
(1469, 75.8, 3.6)
(1469, 75.8, 3.6)
(1470, 76.0, 3.6)
(1470, 76.0, 3.6)
(1471, 76.0, 3.6)
(1471, 76.0, 3.6)
(1472, 76.0, 3.6)
(1472, 76.0, 3.6)
(1473, 76.0, 3.6)
(1473, 76.0, 3.6)
(1474, 76.0, 3.6)
(1474, 76.0, 3.6)
(1475, 76.0, 3.6)
(1475, 76.0, 3.6)
(1476, 76.0, 3.6)
(1476, 76.0, 3.6)
(1477, 76.3, 3.6)
(1477, 76.2, 3.6)
(1478, 76.3, 3.6)
(1478, 76.2, 3.6)
(1479, 76.3, 3.6)
(1479, 76.2, 3.6)
(1480, 76.3, 3.6)
(1480, 76.2, 3.6)
(1481, 76.3, 3.6)
(1481, 76.2, 3.6)
(1482, 76.3, 3.6)
(1482, 76.2, 3.6)
(1483, 76.3, 3.6)
(1483, 76.2, 3.6)
(1484, 76.3, 3.6)
(1484, 76.3, 3.6)
(1485, 76.3, 3.6)
(1485, 76.3, 3.6)
(1486, 76.3, 3.6)
(1486, 76.3, 3.6)
(1487, 76.3, 3.6)
(1487, 76.3, 3.6)
(1488, 76.3, 3.6)
(1488, 76.3, 3.6)
(1489, 76.3, 3.6)
(1489, 76.3, 3.6)
(1490, 76.5, 3.6)
(1490, 76.5, 3.6)
(1491, 76.5, 3.6)
(1491, 76.5, 3.6)
(1492, 76.5, 3.6)
(1492, 76.5, 3.6)
(1493, 76.5, 3.6)
(1493, 76.5, 3.6)
(1494, 76.5, 3.6)
(1494, 76.5, 3.6)
(1495, 76.7, 3.6)
(1495, 76.7, 3.6)
(1496, 76.7, 3.6)
(1496, 76.7, 3.6)
(1497, 76.7, 3.6)
(1497, 76.7, 3.6)
(1498, 76.7, 3.6)
(1498, 76.7, 3.6)
(1499, 76.7, 3.6)
(1499, 76.7, 3.6)
(1500, 76.8, 3.6)
(1500, 76.8, 3.6)
(1501, 76.8, 3.6)
(1501, 76.8, 3.6)
(1502, 76.8, 3.6)
(1502, 76.8, 3.6)
(1503, 76.8, 3.6)
(1503, 76.8, 3.6)
(1504, 76.9, 3.6)
(1504, 77.0, 3.6)
(1505, 76.9, 3.6)
(1505, 77.0, 3.6)
(1506, 76.9, 3.6)
(1506, 77.0, 3.6)
(1507, 76.9, 3.6)
(1507, 77.0, 3.6)
(1508, 76.9, 3.6)
(1508, 77.0, 3.6)
(1509, 77.1, 3.6)
(1510, 77.1, 3.6)
(1511, 77.1, 3.6)
(1512, 77.1, 3.6)
(1513, 77.1, 3.6)
(1514, 77.1, 3.6)
(1515, 77.1, 3.6)
(1516, 77.3, 3.6)
(1516, 77.3, 3.6)
(1517, 77.3, 3.6)
(1517, 77.3, 3.6)
(1518, 77.3, 3.6)
(1518, 77.3, 3.6)
(1519, 77.3, 3.6)
(1519, 77.3, 3.6)
(1520, 77.3, 3.6)
(1520, 77.3, 3.6)
(1521, 77.3, 3.6)
(1521, 77.3, 3.6)
(1522, 77.3, 3.6)
(1522, 77.3, 3.6)
(1523, 77.4, 3.6)
(1523, 77.5, 3.6)
(1524, 77.4, 3.6)
(1524, 77.5, 3.6)
(1525, 77.4, 3.6)
(1525, 77.5, 3.6)
(1526, 77.4, 3.6)
(1526, 77.5, 3.6)
(1527, 77.4, 3.6)
(1527, 77.5, 3.6)
(1528, 77.4, 3.6)
(1528, 77.5, 3.6)
(1529, 77.4, 3.6)
(1529, 77.5, 3.6)
(1530, 77.4, 3.6)
(1530, 77.5, 3.6)
(1531, 77.6, 3.6)
(1531, 77.6, 3.6)
(1532, 77.6, 3.6)
(1532, 77.6, 3.6)
(1533, 77.6, 3.6)
(1533, 77.6, 3.6)
(1534, 77.6, 3.6)
(1534, 77.6, 3.6)
(1535, 77.6, 3.6)
(1535, 77.6, 3.6)
(1536, 77.6, 3.6)
(1536, 77.6, 3.6)
(1537, 77.6, 3.6)
(1537, 77.6, 3.6)
(1538, 77.8, 3.6)
(1538, 77.7, 3.6)
(1539, 77.8, 3.6)
(1539, 77.7, 3.6)
(1540, 77.8, 3.6)
(1540, 77.7, 3.6)
(1541, 77.8, 3.6)
(1541, 77.7, 3.6)
(1542, 77.8, 3.6)
(1542, 77.7, 3.6)
(1543, 77.8, 3.6)
(1543, 77.7, 3.6)
(1544, 77.8, 3.6)
(1544, 77.7, 3.6)
(1545, 77.9, 3.6)
(1545, 77.9, 3.6)
(1546, 77.9, 3.6)
(1546, 77.9, 3.6)
(1547, 77.9, 3.6)
(1547, 77.9, 3.6)
(1548, 77.9, 3.6)
(1548, 77.9, 3.6)
(1549, 77.9, 3.6)
(1549, 77.9, 3.6)
(1550, 77.9, 3.6)
(1550, 77.9, 3.6)
(1551, 77.9, 3.6)
(1551, 77.9, 3.6)
(1552, 77.9, 3.6)
(1552, 77.9, 3.6)
(1553, 77.9, 3.6)
(1553, 77.9, 3.6)
(1554, 77.9, 3.6)
(1554, 77.9, 3.6)
(1555, 77.9, 3.6)
(1555, 77.9, 3.6)
(1556, 77.9, 3.6)
(1556, 77.9, 3.6)
(1557, 78.1, 3.6)
(1557, 78.1, 3.6)
(1558, 78.1, 3.6)
(1558, 78.1, 3.6)
(1559, 78.1, 3.6)
(1559, 78.1, 3.6)
(1560, 78.1, 3.6)
(1560, 78.1, 3.6)
(1561, 78.1, 3.6)
(1561, 78.1, 3.6)
(1562, 78.1, 3.6)
(1562, 78.1, 3.6)
(1563, 78.1, 3.6)
(1563, 78.1, 3.6)
(1564, 78.3, 3.6)
(1564, 78.4, 3.6)
(1565, 78.3, 3.6)
(1565, 78.4, 3.6)
(1566, 78.3, 3.6)
(1566, 78.4, 3.6)
(1567, 78.3, 3.6)
(1567, 78.4, 3.6)
(1568, 78.3, 3.6)
(1568, 78.4, 3.6)
(1569, 78.5, 3.6)
(1569, 78.4, 3.6)
(1570, 78.5, 3.6)
(1570, 78.4, 3.6)
(1571, 78.5, 3.6)
(1571, 78.4, 3.6)
(1572, 78.5, 3.6)
(1572, 78.4, 3.6)
(1573, 78.5, 3.6)
(1573, 78.4, 3.6)
(1574, 78.5, 3.6)
(1574, 78.4, 3.6)
(1575, 78.5, 3.6)
(1575, 78.5, 3.6)
(1576, 78.5, 3.6)
(1576, 78.5, 3.6)
(1577, 78.5, 3.6)
(1577, 78.5, 3.6)
(1578, 78.5, 3.6)
(1578, 78.5, 3.6)
(1579, 78.5, 3.6)
(1579, 78.5, 3.6)
(1580, 78.5, 3.6)
(1580, 78.5, 3.6)
(1581, 78.5, 3.6)
(1581, 78.5, 3.6)
(1582, 78.7, 3.6)
(1583, 78.7, 3.6)
(1584, 78.7, 3.6)
(1585, 78.7, 3.6)
(1586, 78.7, 3.6)
(1587, 78.7, 3.6)
(1588, 78.7, 3.6)
(1589, 78.7, 3.6)
(1590, 78.7, 3.6)
(1591, 78.7, 3.6)
(1592, 78.7, 3.6)
(1593, 78.9, 3.6)
(1593, 78.9, 3.6)
(1594, 78.9, 3.6)
(1594, 78.9, 3.6)
(1595, 78.9, 3.6)
(1595, 78.9, 3.6)
(1596, 78.9, 3.6)
(1596, 78.9, 3.6)
(1597, 78.9, 3.6)
(1597, 78.9, 3.6)
(1598, 78.9, 3.6)
(1598, 78.9, 3.6)
(1599, 78.9, 3.6)
(1599, 78.9, 3.6)
(1600, 78.9, 3.6)
(1600, 78.9, 3.6)
(1601, 79.1, 3.6)
(1601, 79.1, 3.6)
(1602, 79.1, 3.6)
(1602, 79.1, 3.6)
(1603, 79.1, 3.6)
(1603, 79.1, 3.6)
(1604, 79.1, 3.6)
(1604, 79.1, 3.6)
(1605, 79.1, 3.6)
(1605, 79.1, 3.6)
(1606, 79.1, 3.6)
(1606, 79.1, 3.6)
(1607, 79.1, 3.6)
(1607, 79.1, 3.6)
(1608, 79.1, 3.6)
(1608, 79.1, 3.6)
(1609, 79.1, 3.6)
(1609, 79.1, 3.6)
(1610, 79.3, 3.6)
(1610, 79.3, 3.6)
(1611, 79.3, 3.6)
(1611, 79.3, 3.6)
(1612, 79.3, 3.6)
(1612, 79.3, 3.6)
(1613, 79.3, 3.6)
(1613, 79.3, 3.6)
(1614, 79.3, 3.6)
(1614, 79.3, 3.6)
(1615, 79.3, 3.6)
(1615, 79.3, 3.6)
(1616, 79.3, 3.6)
(1616, 79.3, 3.6)
(1617, 79.3, 3.6)
(1618, 79.3, 3.6)
(1619, 79.3, 3.6)
(1620, 79.3, 3.6)
(1621, 79.3, 3.6)
(1622, 79.3, 3.6)
(1623, 79.3, 3.6)
(1624, 79.3, 3.6)
(1625, 79.3, 3.6)
(1626, 79.3, 3.6)
(1627, 79.6, 3.6)
(1627, 79.5, 3.6)
(1628, 79.6, 3.6)
(1628, 79.5, 3.6)
(1629, 79.6, 3.6)
(1629, 79.5, 3.6)
(1630, 79.6, 3.6)
(1630, 79.5, 3.6)
(1631, 79.6, 3.6)
(1631, 79.5, 3.6)
(1632, 79.6, 3.6)
(1632, 79.5, 3.6)
(1633, 79.6, 3.6)
(1633, 79.5, 3.6)
(1634, 79.6, 3.6)
(1634, 79.5, 3.6)
(1635, 79.7, 3.6)
(1636, 79.7, 3.6)
(1637, 79.7, 3.6)
(1638, 79.7, 3.6)
(1639, 79.7, 3.6)
(1640, 79.8, 3.6)
(1641, 79.8, 3.6)
(1642, 79.8, 3.6)
(1643, 79.8, 3.6)
(1644, 79.8, 3.6)
(1645, 79.8, 3.6)
(1646, 79.8, 3.6)
(1647, 79.8, 3.6)
(1648, 79.8, 3.6)
(1649, 79.8, 3.6)
(1650, 79.9, 3.6)
(1650, 79.9, 3.6)
(1651, 79.9, 3.6)
(1651, 79.9, 3.6)
(1652, 79.9, 3.6)
(1652, 79.9, 3.6)
(1653, 79.9, 3.6)
(1653, 79.9, 3.6)
(1654, 79.9, 3.6)
(1654, 79.9, 3.6)
(1655, 79.9, 3.6)
(1655, 79.9, 3.6)
(1656, 79.9, 3.6)
(1656, 79.9, 3.6)
(1657, 80.1, 3.6)
(1657, 80.1, 3.5)
(1658, 80.1, 3.6)
(1658, 80.1, 3.5)
(1659, 80.1, 3.6)
(1659, 80.1, 3.5)
(1660, 80.1, 3.6)
(1660, 80.1, 3.5)
(1661, 80.1, 3.6)
(1661, 80.1, 3.5)
(1662, 80.1, 3.6)
(1662, 80.1, 3.5)
(1663, 80.1, 3.6)
(1663, 80.1, 3.5)
(1664, 80.1, 3.6)
(1664, 80.1, 3.5)
(1665, 80.1, 3.6)
(1665, 80.1, 3.5)
(1666, 80.1, 3.6)
(1666, 80.1, 3.5)
(1667, 80.1, 3.6)
(1667, 80.1, 3.5)
(1668, 80.3, 3.6)
(1669, 80.3, 3.6)
(1670, 80.3, 3.6)
(1671, 80.3, 3.6)
(1672, 80.3, 3.6)
(1673, 80.3, 3.6)
(1674, 80.4, 3.6)
(1675, 80.4, 3.6)
(1676, 80.4, 3.6)
(1677, 80.4, 3.6)
(1678, 80.4, 3.6)
(1679, 80.4, 3.6)
(1680, 80.4, 3.6)
(1681, 80.4, 3.6)
(1682, 80.4, 3.6)
(1683, 80.4, 3.6)
(1684, 80.6, 3.6)
(1685, 80.6, 3.6)
(1686, 80.6, 3.6)
(1687, 80.6, 3.6)
(1688, 80.7, 3.6)
(1689, 80.7, 3.6)
(1690, 80.7, 3.6)
(1691, 80.7, 3.6)
(1692, 80.7, 3.6)
(1693, 80.7, 3.6)
(1694, 80.7, 3.6)
(1695, 80.7, 3.6)
(1696, 80.8, 3.6)
(1696, 80.8, 3.6)
(1697, 80.8, 3.6)
(1697, 80.8, 3.6)
(1698, 80.8, 3.6)
(1698, 80.8, 3.6)
(1699, 80.8, 3.6)
(1699, 80.8, 3.6)
(1700, 80.8, 3.6)
(1700, 80.8, 3.6)
(1701, 80.8, 3.6)
(1701, 80.8, 3.6)
(1702, 80.8, 3.6)
(1702, 80.8, 3.6)
(1703, 80.8, 3.6)
(1703, 80.8, 3.6)
(1704, 81.0, 3.6)
(1705, 81.0, 3.6)
(1706, 81.0, 3.6)
(1707, 81.0, 3.6)
(1708, 81.0, 3.6)
(1709, 81.0, 3.6)
(1710, 81.0, 3.6)
(1711, 81.0, 3.6)
(1712, 81.0, 3.6)
(1713, 81.1, 3.6)
(1714, 81.1, 3.6)
(1715, 81.1, 3.6)
(1716, 81.1, 3.6)
(1717, 81.1, 3.6)
(1718, 81.1, 3.6)
(1719, 81.1, 3.6)
(1720, 81.1, 3.6)
(1721, 81.3, 3.6)
(1721, 81.3, 3.5)
(1722, 81.3, 3.6)
(1722, 81.3, 3.5)
(1723, 81.3, 3.6)
(1723, 81.3, 3.5)
(1724, 81.3, 3.6)
(1724, 81.3, 3.5)
(1725, 81.3, 3.6)
(1725, 81.3, 3.5)
(1726, 81.3, 3.6)
(1726, 81.3, 3.5)
(1727, 81.3, 3.6)
(1727, 81.3, 3.5)
(1728, 81.3, 3.6)
(1728, 81.3, 3.5)
(1729, 81.3, 3.6)
(1729, 81.3, 3.5)
(1730, 81.3, 3.6)
(1730, 81.3, 3.5)
(1731, 81.4, 3.6)
(1731, 81.4, 3.5)
(1732, 81.4, 3.6)
(1732, 81.4, 3.5)
(1733, 81.4, 3.6)
(1733, 81.4, 3.5)
(1734, 81.4, 3.6)
(1734, 81.4, 3.5)
(1735, 81.4, 3.6)
(1735, 81.4, 3.5)
(1736, 81.4, 3.6)
(1736, 81.4, 3.5)
(1737, 81.6, 3.6)
(1738, 81.6, 3.6)
(1739, 81.6, 3.6)
(1740, 81.6, 3.6)
(1741, 81.6, 3.6)
(1742, 81.6, 3.6)
(1743, 81.6, 3.6)
(1744, 81.6, 3.6)
(1745, 81.7, 3.6)
(1746, 81.7, 3.6)
(1747, 81.7, 3.6)
(1748, 81.7, 3.6)
(1749, 81.8, 3.6)
(1749, 81.8, 3.5)
(1750, 81.8, 3.6)
(1750, 81.8, 3.5)
(1751, 81.8, 3.6)
(1751, 81.8, 3.5)
(1752, 81.8, 3.6)
(1752, 81.8, 3.5)
(1753, 81.8, 3.6)
(1753, 81.8, 3.5)
(1754, 81.8, 3.6)
(1754, 81.8, 3.5)
(1755, 81.8, 3.6)
(1755, 81.8, 3.5)
(1756, 81.8, 3.6)
(1756, 81.8, 3.5)
(1757, 81.8, 3.6)
(1757, 81.8, 3.5)
(1758, 81.9, 3.6)
(1758, 81.9, 3.5)
(1759, 81.9, 3.6)
(1759, 81.9, 3.5)
(1760, 81.9, 3.6)
(1760, 81.9, 3.5)
(1761, 81.9, 3.6)
(1761, 81.9, 3.5)
(1762, 81.9, 3.6)
(1762, 81.9, 3.5)
(1763, 81.9, 3.6)
(1763, 81.9, 3.5)
(1764, 81.9, 3.6)
(1764, 81.9, 3.5)
(1765, 81.9, 3.6)
(1765, 81.9, 3.5)
(1766, 81.9, 3.6)
(1766, 81.9, 3.5)
(1767, 82.0, 3.6)
(1768, 82.0, 3.6)
(1769, 82.0, 3.6)
(1770, 82.0, 3.6)
(1771, 82.0, 3.6)
(1772, 82.0, 3.6)
(1773, 82.0, 3.6)
(1774, 82.0, 3.6)
(1775, 82.1, 3.6)
(1776, 82.1, 3.6)
(1777, 82.1, 3.6)
(1778, 82.1, 3.6)
(1779, 82.1, 3.6)
(1780, 82.1, 3.6)
(1781, 82.1, 3.6)
(1782, 82.1, 3.6)
(1783, 82.2, 3.6)
(1783, 82.2, 3.5)
(1784, 82.2, 3.6)
(1784, 82.2, 3.5)
(1785, 82.2, 3.6)
(1785, 82.2, 3.5)
(1786, 82.2, 3.6)
(1786, 82.2, 3.5)
(1787, 82.2, 3.6)
(1787, 82.2, 3.5)
(1788, 82.2, 3.6)
(1788, 82.2, 3.5)
(1789, 82.2, 3.6)
(1789, 82.2, 3.5)
(1790, 82.2, 3.6)
(1790, 82.2, 3.5)
(1791, 82.2, 3.5)
(1792, 82.2, 3.5)
(1793, 82.2, 3.5)
(1794, 82.2, 3.5)
(1795, 82.2, 3.5)
(1796, 82.2, 3.5)
(1797, 82.2, 3.5)
(1798, 82.2, 3.5)
(1799, 82.4, 3.5)
(1800, 82.4, 3.5)
(1801, 82.4, 3.5)
(1802, 82.4, 3.5)
(1803, 82.4, 3.5)
(1804, 82.4, 3.5)
(1805, 82.4, 3.5)
(1806, 82.4, 3.5)
(1807, 82.4, 3.5)
(1808, 82.4, 3.5)
(1809, 82.4, 3.5)
(1810, 82.5, 3.5)
(1811, 82.5, 3.5)
(1812, 82.5, 3.5)
(1813, 82.5, 3.5)
(1814, 82.5, 3.5)
(1815, 82.5, 3.5)
(1816, 82.5, 3.5)
(1817, 82.7, 3.5)
(1818, 82.7, 3.5)
(1819, 82.7, 3.5)
(1820, 82.7, 3.5)
(1821, 82.7, 3.5)
(1822, 82.7, 3.5)
(1823, 82.7, 3.5)
(1824, 82.7, 3.5)
(1825, 82.7, 3.5)
(1826, 82.8, 3.5)
(1827, 82.8, 3.5)
(1828, 82.8, 3.5)
(1829, 82.8, 3.5)
(1830, 82.8, 3.5)
(1831, 82.8, 3.5)
(1832, 82.8, 3.5)
(1833, 83.2, 3.5)
(1833, 83.2, 3.5)
(1834, 83.2, 3.5)
(1834, 83.2, 3.5)
(1835, 83.2, 3.5)
(1835, 83.2, 3.5)
(1836, 83.2, 3.5)
(1836, 83.2, 3.5)
(1837, 83.2, 3.5)
(1837, 83.2, 3.5)
(1838, 83.2, 3.5)
(1838, 83.2, 3.5)
(1839, 83.2, 3.5)
(1839, 83.2, 3.5)
(1840, 83.2, 3.5)
(1840, 83.2, 3.5)
(1841, 83.4, 3.5)
(1841, 83.4, 3.5)
(1842, 83.4, 3.5)
(1842, 83.4, 3.5)
(1843, 83.4, 3.5)
(1843, 83.4, 3.5)
(1844, 83.4, 3.5)
(1844, 83.4, 3.5)
(1845, 83.4, 3.5)
(1845, 83.4, 3.5)
(1846, 83.4, 3.5)
(1846, 83.4, 3.5)
(1847, 83.4, 3.5)
(1847, 83.4, 3.5)
(1848, 83.4, 3.5)
(1848, 83.4, 3.5)
(1849, 83.4, 3.5)
(1849, 83.4, 3.5)
(1850, 83.6, 3.5)
(1850, 83.6, 3.5)
(1851, 83.6, 3.5)
(1851, 83.6, 3.5)
(1852, 83.6, 3.5)
(1852, 83.6, 3.5)
(1853, 83.6, 3.5)
(1853, 83.6, 3.5)
(1854, 83.6, 3.5)
(1854, 83.6, 3.5)
(1855, 83.6, 3.5)
(1855, 83.6, 3.5)
(1856, 83.9, 3.5)
(1857, 83.9, 3.5)
(1858, 83.9, 3.5)
(1859, 83.9, 3.5)
(1860, 83.9, 3.5)
(1861, 83.9, 3.5)
(1862, 84.1, 3.5)
(1863, 84.1, 3.5)
(1864, 84.1, 3.5)
(1865, 84.1, 3.5)
(1866, 84.1, 3.5)
(1867, 84.1, 3.5)
(1868, 84.1, 3.5)
(1869, 84.2, 3.5)
(1870, 84.2, 3.5)
(1871, 84.2, 3.5)
(1872, 84.2, 3.5)
(1873, 84.2, 3.5)
(1874, 84.2, 3.5)
(1875, 84.2, 3.5)
(1876, 84.2, 3.5)
(1877, 84.2, 3.5)
(1878, 84.2, 3.5)
(1879, 84.2, 3.5)
(1880, 84.2, 3.5)
(1881, 84.6, 3.5)
(1881, 84.6, 3.5)
(1882, 84.6, 3.5)
(1882, 84.6, 3.5)
(1883, 84.6, 3.5)
(1883, 84.6, 3.5)
(1884, 84.6, 3.5)
(1884, 84.6, 3.5)
(1885, 84.6, 3.5)
(1885, 84.6, 3.5)
(1886, 84.6, 3.5)
(1886, 84.6, 3.5)
(1887, 84.6, 3.5)
(1887, 84.6, 3.5)
(1888, 84.6, 3.5)
(1888, 84.6, 3.5)
(1889, 84.6, 3.5)
(1889, 84.6, 3.5)
(1890, 84.6, 3.5)
(1890, 84.6, 3.5)
(1891, 84.6, 3.5)
(1891, 84.6, 3.5)
(1892, 84.6, 3.5)
(1892, 84.6, 3.5)
(1893, 85.0, 3.5)
(1893, 85.0, 3.5)
(1894, 85.0, 3.5)
(1894, 85.0, 3.5)
(1895, 85.0, 3.5)
(1895, 85.0, 3.5)
(1896, 85.0, 3.5)
(1896, 85.0, 3.5)
(1897, 85.0, 3.5)
(1897, 85.0, 3.5)
(1898, 85.0, 3.5)
(1898, 85.0, 3.5)
(1899, 85.0, 3.5)
(1899, 85.0, 3.5)
(1900, 85.2, 3.5)
(1901, 85.2, 3.5)
(1902, 85.2, 3.5)
(1903, 85.2, 3.5)
(1904, 85.2, 3.5)
(1905, 85.2, 3.5)
(1906, 85.2, 3.5)
(1907, 85.2, 3.5)
(1908, 85.4, 3.5)
(1908, 85.4, 3.5)
(1909, 85.4, 3.5)
(1909, 85.4, 3.5)
(1910, 85.4, 3.5)
(1910, 85.4, 3.5)
(1911, 85.4, 3.5)
(1911, 85.4, 3.5)
(1912, 85.4, 3.5)
(1912, 85.4, 3.5)
(1913, 85.4, 3.5)
(1913, 85.4, 3.5)
(1914, 85.4, 3.5)
(1914, 85.4, 3.5)
(1915, 85.4, 3.5)
(1915, 85.4, 3.5)
(1916, 85.4, 3.5)
(1916, 85.4, 3.5)
(1917, 85.4, 3.5)
(1917, 85.4, 3.5)
(1918, 85.4, 3.5)
(1918, 85.4, 3.5)
(1919, 85.4, 3.5)
(1919, 85.4, 3.5)
(1920, 85.4, 3.5)
(1920, 85.4, 3.5)
(1921, 85.4, 3.5)
(1921, 85.4, 3.5)
(1922, 85.6, 3.5)
(1922, 85.6, 3.5)
(1923, 85.6, 3.5)
(1923, 85.6, 3.5)
(1924, 85.6, 3.5)
(1924, 85.6, 3.5)
(1925, 85.6, 3.5)
(1925, 85.6, 3.5)
(1926, 85.6, 3.5)
(1926, 85.6, 3.5)
(1927, 85.6, 3.5)
(1927, 85.6, 3.5)
(1928, 85.6, 3.5)
(1928, 85.6, 3.5)
(1929, 85.8, 3.5)
(1930, 85.8, 3.5)
(1931, 85.8, 3.5)
(1932, 85.8, 3.5)
(1933, 85.8, 3.5)
(1934, 85.8, 3.5)
(1935, 85.8, 3.5)
(1936, 85.8, 3.5)
(1937, 86.0, 3.5)
(1937, 86.1, 3.5)
(1938, 86.0, 3.5)
(1938, 86.1, 3.5)
(1939, 86.0, 3.5)
(1939, 86.1, 3.5)
(1940, 86.0, 3.5)
(1940, 86.1, 3.5)
(1941, 86.0, 3.5)
(1941, 86.1, 3.5)
(1942, 86.0, 3.5)
(1942, 86.1, 3.5)
(1943, 86.0, 3.5)
(1943, 86.1, 3.5)
(1944, 86.2, 3.5)
(1945, 86.2, 3.5)
(1946, 86.2, 3.5)
(1947, 86.2, 3.5)
(1948, 86.2, 3.5)
(1949, 86.2, 3.5)
(1950, 86.2, 3.5)
(1951, 86.2, 3.5)
(1952, 86.4, 3.5)
(1953, 86.4, 3.5)
(1954, 86.4, 3.5)
(1955, 86.4, 3.5)
(1956, 86.4, 3.5)
(1957, 86.4, 3.5)
(1958, 86.4, 3.5)
(1959, 86.4, 3.5)
(1960, 86.6, 3.5)
(1961, 86.6, 3.5)
(1962, 86.6, 3.5)
(1963, 86.6, 3.5)
(1964, 86.6, 3.5)
(1965, 86.6, 3.5)
(1966, 86.6, 3.5)
(1967, 86.6, 3.5)
(1968, 86.8, 3.5)
(1969, 86.8, 3.5)
(1970, 86.8, 3.5)
(1971, 86.8, 3.5)
(1972, 86.8, 3.5)
(1973, 86.8, 3.5)
(1974, 87.0, 3.5)
(1974, 87.0, 3.5)
(1975, 87.0, 3.5)
(1975, 87.0, 3.5)
(1976, 87.0, 3.5)
(1976, 87.0, 3.5)
(1977, 87.0, 3.5)
(1977, 87.0, 3.5)
(1978, 87.0, 3.5)
(1978, 87.0, 3.5)
(1979, 87.0, 3.5)
(1979, 87.0, 3.5)
(1980, 87.2, 3.5)
(1981, 87.2, 3.5)
(1982, 87.2, 3.5)
(1983, 87.2, 3.5)
(1984, 87.2, 3.5)
(1985, 87.2, 3.5)
(1986, 87.4, 3.5)
(1987, 87.4, 3.5)
(1988, 87.4, 3.5)
(1989, 87.4, 3.5)
(1990, 87.4, 3.5)
(1991, 87.4, 3.5)
(1992, 87.4, 3.5)
(1993, 87.5, 3.5)
(1993, 87.5, 3.5)
(1994, 87.5, 3.5)
(1994, 87.5, 3.5)
(1995, 87.5, 3.5)
(1995, 87.5, 3.5)
(1996, 87.5, 3.5)
(1996, 87.5, 3.5)
(1997, 87.5, 3.5)
(1997, 87.5, 3.5)
(1998, 87.5, 3.5)
(1998, 87.5, 3.5)
(1999, 87.5, 3.5)
(1999, 87.5, 3.5)
(2000, 87.5, 3.5)
(2000, 87.5, 3.5)
(2001, 87.5, 3.5)
(2001, 87.5, 3.5)
(2002, 87.5, 3.5)
(2002, 87.5, 3.5)
(2003, 87.7, 3.5)
(2004, 87.7, 3.5)
(2005, 87.7, 3.5)
(2006, 87.7, 3.5)
(2007, 87.7, 3.5)
(2008, 87.7, 3.5)
(2009, 87.9, 3.5)
(2009, 87.9, 3.5)
(2010, 87.9, 3.5)
(2010, 87.9, 3.5)
(2011, 87.9, 3.5)
(2011, 87.9, 3.5)
(2012, 87.9, 3.5)
(2012, 87.9, 3.5)
(2013, 87.9, 3.5)
(2013, 87.9, 3.5)
(2014, 87.9, 3.5)
(2014, 87.9, 3.5)
(2015, 87.9, 3.5)
(2015, 87.9, 3.5)
(2016, 87.9, 3.5)
(2016, 87.9, 3.5)
(2017, 88.0, 3.5)
(2018, 88.0, 3.5)
(2019, 88.0, 3.5)
(2020, 88.0, 3.5)
(2021, 88.0, 3.5)
(2022, 88.0, 3.5)
(2023, 88.2, 3.5)
(2024, 88.2, 3.5)
(2025, 88.2, 3.5)
(2026, 88.2, 3.5)
(2027, 88.2, 3.5)
(2028, 88.2, 3.5)
(2029, 88.4, 3.5)
(2030, 88.4, 3.5)
(2031, 88.4, 3.5)
(2032, 88.4, 3.5)
(2033, 88.4, 3.5)
(2034, 88.4, 3.5)
(2035, 88.5, 3.5)
(2035, 88.5, 3.5)
(2036, 88.5, 3.5)
(2036, 88.5, 3.5)
(2037, 88.5, 3.5)
(2037, 88.5, 3.5)
(2038, 88.5, 3.5)
(2038, 88.5, 3.5)
(2039, 88.5, 3.5)
(2039, 88.5, 3.5)
(2040, 88.5, 3.5)
(2040, 88.5, 3.5)
(2041, 88.5, 3.5)
(2041, 88.5, 3.5)
(2042, 88.5, 3.5)
(2042, 88.5, 3.5)
(2043, 88.6, 3.5)
(2044, 88.6, 3.5)
(2045, 88.6, 3.5)
(2046, 88.6, 3.5)
(2047, 88.6, 3.5)
(2048, 88.7, 3.5)
(2049, 88.7, 3.5)
(2050, 88.7, 3.5)
(2051, 88.7, 3.5)
(2052, 88.7, 3.5)
(2053, 88.7, 3.5)
(2054, 88.7, 3.5)
(2055, 88.7, 3.5)
(2056, 88.7, 3.5)
(2057, 88.7, 3.5)
(2058, 88.7, 3.5)
(2059, 89.0, 3.5)
(2060, 89.0, 3.5)
(2061, 89.0, 3.5)
(2062, 89.0, 3.5)
(2063, 89.0, 3.5)
(2064, 89.0, 3.5)
(2065, 89.2, 3.5)
(2066, 89.2, 3.5)
(2067, 89.2, 3.5)
(2068, 89.2, 3.5)
(2069, 89.2, 3.5)
(2070, 89.2, 3.5)
(2071, 89.5, 3.5)
(2072, 89.5, 3.5)
(2073, 89.5, 3.5)
(2074, 89.5, 3.5)
(2075, 89.5, 3.5)
(2076, 89.5, 3.5)
(2077, 89.5, 3.5)
(2078, 89.5, 3.5)
(2079, 89.7, 3.5)
(2080, 89.7, 3.5)
(2081, 89.7, 3.5)
(2082, 89.7, 3.5)
(2083, 89.7, 3.5)
(2084, 89.7, 3.5)
(2091, 90.1, 3.5)
(2092, 90.1, 3.5)
(2093, 90.1, 3.5)
(2094, 90.1, 3.5)
(2095, 90.1, 3.5)
(2096, 90.1, 3.5)
(2097, 90.1, 3.5)
(2098, 90.1, 3.5)
(2099, 90.1, 3.5)
(2100, 90.4, 3.5)
(2101, 90.4, 3.5)
(2102, 90.4, 3.5)
(2103, 90.4, 3.5)
(2104, 90.4, 3.5)
(2105, 90.4, 3.5)
(2106, 90.4, 3.5)
(2107, 90.4, 3.5)
(2108, 90.4, 3.5)
(2109, 90.7, 3.5)
(2110, 90.7, 3.5)
(2111, 90.7, 3.5)
(2112, 90.7, 3.5)
(2113, 90.7, 3.5)
(2114, 90.7, 3.5)
(2115, 90.9, 3.5)
(2116, 90.9, 3.5)
(2117, 90.9, 3.5)
(2118, 90.9, 3.5)
(2119, 90.9, 3.5)
(2120, 90.9, 3.5)
(2121, 91.1, 3.5)
(2122, 91.1, 3.5)
(2123, 91.1, 3.5)
(2124, 91.1, 3.5)
(2125, 91.1, 3.5)
(2126, 91.1, 3.5)
(2127, 91.1, 3.5)
(2128, 91.1, 3.5)
(2227, 93.5, 3.4)
(2228, 93.5, 3.4)
(2229, 93.5, 3.4)
(2230, 93.5, 3.4)
(2231, 93.5, 3.4)
(2232, 93.5, 3.4)
(2233, 93.5, 3.4)
(2234, 93.5, 3.4)
(2242, 93.5, 3.4)
(2243, 93.5, 3.4)
(2244, 93.5, 3.4)
(2245, 93.5, 3.4)
(2246, 93.5, 3.4)
(2247, 93.5, 3.4)
(2248, 93.5, 3.4)
(2249, 93.5, 3.4)
(2250, 93.5, 3.4)
(2251, 93.5, 3.4)
(2252, 93.5, 3.4)
(2253, 93.5, 3.4)
(2254, 93.5, 3.4)
(2255, 93.5, 3.4)
(2256, 93.5, 3.4)
(2292, 94.1, 3.4)
(2293, 94.1, 3.4)
(2294, 94.1, 3.4)
(2295, 94.1, 3.4)
(2296, 94.1, 3.4)
(2297, 94.1, 3.4)
(2298, 94.1, 3.4)
(2299, 94.1, 3.4)
(2300, 93.2, 3.4)
(2300, 93.9, 3.4)
(2301, 93.2, 3.4)
(2301, 93.9, 3.4)
(2302, 93.2, 3.4)
(2302, 93.9, 3.4)
(2303, 93.2, 3.4)
(2303, 93.9, 3.4)
(2304, 93.2, 3.4)
(2304, 93.9, 3.4)
(2305, 93.2, 3.4)
(2305, 93.9, 3.4)
(2306, 93.2, 3.4)
(2306, 93.9, 3.4)
(2307, 93.2, 3.4)
(2307, 93.9, 3.4)
(2308, 93.2, 3.4)
(2308, 93.9, 3.4)
(2309, 93.2, 3.4)
(2309, 93.9, 3.4)
(2328, 93.3, 3.4)
(2329, 93.3, 3.4)
(2330, 93.3, 3.4)
(2331, 93.3, 3.4)
(2332, 93.3, 3.4)
(2333, 93.3, 3.4)
(2334, 93.3, 3.4)
(2335, 92.4, 3.5)
(2336, 92.4, 3.5)
(2337, 92.4, 3.5)
(2338, 92.4, 3.5)
(2339, 92.4, 3.5)
(2340, 92.4, 3.5)
(2341, 92.4, 3.5)
(2342, 92.4, 3.5)
(2358, 92.8, 3.4)
(2359, 92.8, 3.4)
(2360, 92.8, 3.4)
(2361, 92.8, 3.4)
(2362, 92.8, 3.4)
(2363, 92.8, 3.4)
(2364, 92.8, 3.4)
(2365, 92.8, 3.4)
(2366, 92.0, 3.4)
(2366, 92.7, 3.4)
(2367, 92.0, 3.4)
(2367, 92.7, 3.4)
(2368, 92.0, 3.4)
(2368, 92.7, 3.4)
(2369, 92.0, 3.4)
(2369, 92.7, 3.4)
(2370, 92.0, 3.4)
(2370, 92.7, 3.4)
(2371, 92.0, 3.4)
(2371, 92.7, 3.4)
(2372, 92.0, 3.4)
(2372, 92.7, 3.4)
(2373, 92.0, 3.4)
(2373, 92.7, 3.4)
(2374, 92.0, 3.4)
(2375, 92.0, 3.4)
(2376, 92.0, 3.4)
(2377, 92.0, 3.4)
(2378, 92.0, 3.4)
(2379, 92.0, 3.4)
(2380, 92.0, 3.4)
(2381, 92.0, 3.4)
(2382, 92.0, 3.4)
(2383, 92.0, 3.4)
(2384, 92.0, 3.4)
(2385, 92.0, 3.4)
(2386, 92.0, 3.4)
(2392, 92.7, 3.4)
(2393, 92.7, 3.4)
(2394, 92.7, 3.4)
(2395, 92.7, 3.4)
(2396, 92.7, 3.4)
(2397, 92.7, 3.4)
(2398, 92.7, 3.4)
(2399, 92.7, 3.4)
(2400, 92.0, 3.4)
(2400, 92.8, 3.4)
(2401, 92.0, 3.4)
(2401, 92.8, 3.4)
(2402, 92.0, 3.4)
(2402, 92.8, 3.4)
(2403, 92.0, 3.4)
(2403, 92.8, 3.4)
(2404, 92.0, 3.4)
(2404, 92.8, 3.4)
(2405, 92.0, 3.4)
(2405, 92.8, 3.4)
(2406, 92.0, 3.4)
(2406, 92.8, 3.4)
(2407, 92.0, 3.4)
(2407, 92.8, 3.4)
(2408, 92.0, 3.4)
(2409, 92.0, 3.4)
(2410, 92.0, 3.4)
(2411, 92.0, 3.4)
(2412, 92.0, 3.4)
(2413, 92.0, 3.4)
(2414, 92.0, 3.4)
(2415, 92.0, 3.4)
(2416, 92.0, 3.4)
(2417, 92.0, 3.4)
(2418, 92.0, 3.4)
(2419, 92.0, 3.4)
(2420, 92.0, 3.4)
(2421, 92.0, 3.4)
(2422, 92.0, 3.4)
(2423, 91.9, 3.4)
(2424, 91.9, 3.4)
(2425, 91.9, 3.4)
(2426, 91.9, 3.4)
(2427, 91.9, 3.4)
(2428, 91.9, 3.4)
(2429, 92.0, 3.5)
(2430, 92.0, 3.5)
(2431, 92.0, 3.5)
(2432, 92.0, 3.5)
(2433, 92.0, 3.5)
(2434, 92.0, 3.5)
(2435, 92.0, 3.5)
(2436, 92.0, 3.5)
(2437, 92.7, 3.4)
(2438, 92.7, 3.4)
(2439, 92.7, 3.4)
(2440, 92.7, 3.4)
(2441, 92.7, 3.4)
(2442, 92.0, 3.5)
(2443, 92.0, 3.5)
(2444, 92.0, 3.5)
(2445, 92.0, 3.5)
(2446, 92.0, 3.5)
(2447, 92.0, 3.5)
(2448, 92.0, 3.5)
(2449, 92.0, 3.5)
(2450, 92.0, 3.5)
(2451, 92.0, 3.5)
(2452, 92.0, 3.5)
(2453, 92.8, 3.4)
(2454, 92.8, 3.4)
(2455, 92.8, 3.4)
(2456, 92.8, 3.4)
(2457, 92.8, 3.4)
(2458, 92.8, 3.4)
(2459, 92.8, 3.4)
(2460, 92.8, 3.4)
(2461, 92.8, 3.4)
(2462, 92.8, 3.4)
(2463, 92.8, 3.4)
(2464, 92.0, 3.4)
(2464, 92.7, 3.4)
(2465, 92.0, 3.4)
(2465, 92.7, 3.4)
(2466, 92.0, 3.4)
(2466, 92.7, 3.4)
(2467, 92.0, 3.4)
(2467, 92.7, 3.4)
(2468, 92.0, 3.4)
(2468, 92.7, 3.4)
(2469, 92.0, 3.4)
(2469, 92.7, 3.4)
(2470, 92.0, 3.4)
(2470, 92.7, 3.4)
(2471, 92.0, 3.4)
(2471, 92.7, 3.4)
(2472, 92.0, 3.4)
(2472, 92.7, 3.4)
(2473, 92.0, 3.4)
(2473, 92.7, 3.4)
(2474, 92.0, 3.4)
(2474, 92.7, 3.4)
(2475, 91.8, 3.4)
(2476, 91.8, 3.4)
(2477, 91.8, 3.4)
(2478, 91.8, 3.4)
(2479, 91.8, 3.4)
(2480, 91.8, 3.4)
(2481, 91.8, 3.4)
(2482, 91.8, 3.4)
(2483, 91.8, 3.4)
(2484, 91.7, 3.4)
(2485, 91.7, 3.4)
(2486, 91.7, 3.4)
(2487, 91.7, 3.4)
(2488, 91.7, 3.4)
(2489, 91.5, 3.4)
(2490, 91.5, 3.4)
(2491, 91.5, 3.4)
(2492, 91.5, 3.4)
(2493, 91.5, 3.4)
(2494, 91.5, 3.4)
(2495, 91.2, 3.4)
(2496, 91.2, 3.4)
(2497, 91.2, 3.4)
(2498, 91.2, 3.4)
(2499, 91.2, 3.4)
(2500, 91.2, 3.4)
(2501, 91.2, 3.4)
(2502, 91.2, 3.4)
(2503, 91.2, 3.4)
(2504, 91.2, 3.4)
(2505, 91.1, 3.5)
(2506, 91.1, 3.5)
(2507, 91.1, 3.5)
(2508, 91.1, 3.5)
(2509, 91.1, 3.5)
(2510, 91.1, 3.5)
(2511, 91.1, 3.5)
(2512, 91.1, 3.5)
(2513, 90.9, 3.4)
(2514, 90.9, 3.4)
(2515, 90.9, 3.4)
(2516, 90.9, 3.4)
(2517, 90.9, 3.4)
(2518, 90.9, 3.4)
(2519, 90.9, 3.4)
(2520, 90.9, 3.4)
(2521, 90.9, 3.4)
(2522, 90.9, 3.4)
(2523, 90.9, 3.4)
(2524, 90.6, 3.4)
(2525, 90.6, 3.4)
(2526, 90.6, 3.4)
(2527, 90.6, 3.4)
(2528, 90.4, 3.4)
(2529, 90.4, 3.4)
(2530, 90.4, 3.4)
(2531, 90.4, 3.4)
(2532, 90.4, 3.4)
(2533, 90.4, 3.4)
(2534, 90.4, 3.4)
(2535, 90.3, 3.4)
(2536, 90.3, 3.4)
(2537, 90.3, 3.4)
(2538, 90.3, 3.4)
(2539, 90.3, 3.4)
(2540, 90.3, 3.4)
(2541, 90.3, 3.4)
(2542, 90.3, 3.4)
(2543, 90.2, 3.4)
(2544, 90.2, 3.4)
(2545, 90.2, 3.4)
(2546, 90.2, 3.4)
(2547, 90.2, 3.4)
(2548, 90.2, 3.4)
(2549, 90.2, 3.4)
(2550, 90.1, 3.4)
(2551, 90.1, 3.4)
(2552, 90.1, 3.4)
(2553, 90.1, 3.4)
(2554, 90.1, 3.4)
(2555, 90.1, 3.4)
(2556, 90.1, 3.4)
(2557, 90.1, 3.4)
(2558, 90.1, 3.4)
(2566, 89.8, 3.4)
(2567, 89.8, 3.4)
(2568, 89.8, 3.4)
(2569, 89.8, 3.4)
(2570, 89.8, 3.4)
(2571, 89.8, 3.4)
(2572, 89.7, 3.4)
(2573, 89.7, 3.4)
(2574, 89.7, 3.4)
(2575, 89.7, 3.4)
(2576, 89.7, 3.4)
(2577, 89.5, 3.4)
(2578, 89.5, 3.4)
(2579, 89.5, 3.4)
(2580, 89.5, 3.4)
(2581, 89.4, 3.4)
(2582, 89.4, 3.4)
(2583, 89.4, 3.4)
(2584, 89.4, 3.4)
(2585, 89.4, 3.4)
(2586, 89.4, 3.4)
(2587, 89.4, 3.4)
(2588, 89.4, 3.4)
(2589, 89.3, 3.4)
(2590, 89.3, 3.4)
(2591, 89.3, 3.4)
(2592, 89.3, 3.4)
(2593, 89.3, 3.4)
(2594, 89.3, 3.4)
(2595, 89.3, 3.4)
(2596, 89.3, 3.4)
(2597, 89.3, 3.4)
(2598, 89.2, 3.4)
(2599, 89.2, 3.4)
(2600, 89.2, 3.4)
(2601, 89.2, 3.4)
(2602, 89.2, 3.4)
(2603, 89.2, 3.4)
(2604, 89.2, 3.4)
(2605, 89.2, 3.4)
(2606, 89.2, 3.4)
(2607, 89.2, 3.4)
(2608, 89.2, 3.4)
(2609, 89.1, 3.4)
(2610, 89.1, 3.4)
(2611, 89.1, 3.4)
(2612, 89.1, 3.4)
(2613, 89.1, 3.4)
(2614, 89.1, 3.4)
(2615, 89.1, 3.4)
(2616, 89.1, 3.4)
(2617, 89.1, 3.4)
(2618, 89.1, 3.4)
(2619, 89.1, 3.4)
(2620, 89.1, 3.4)
(2621, 89.1, 3.4)
(2622, 89.1, 3.4)
(2623, 89.1, 3.4)
(2624, 89.1, 3.4)
(2625, 89.1, 3.4)
(2626, 89.1, 3.4)
(2627, 89.1, 3.4)
(2628, 89.1, 3.4)
(2629, 89.1, 3.4)
(2630, 89.1, 3.4)
(2631, 89.1, 3.4)
(2632, 89.0, 3.4)
(2633, 89.0, 3.4)
(2634, 89.0, 3.4)
(2635, 89.0, 3.4)
(2636, 89.0, 3.4)
(2637, 89.0, 3.4)
(2638, 89.0, 3.4)
(2639, 89.0, 3.4)
(2640, 88.8, 3.4)
(2640, 89.6, 3.4)
(2641, 88.8, 3.4)
(2641, 89.6, 3.4)
(2642, 88.8, 3.4)
(2642, 89.6, 3.4)
(2643, 88.8, 3.4)
(2643, 89.6, 3.4)
(2644, 88.8, 3.4)
(2644, 89.6, 3.4)
(2645, 88.8, 3.4)
(2645, 89.6, 3.4)
(2646, 88.8, 3.4)
(2646, 89.6, 3.4)
(2647, 88.8, 3.4)
(2647, 89.6, 3.4)
(2648, 88.7, 3.4)
(2649, 88.7, 3.4)
(2650, 88.7, 3.4)
(2651, 88.7, 3.4)
(2652, 88.7, 3.4)
(2653, 88.7, 3.4)
(2654, 88.7, 3.4)
(2655, 88.7, 3.4)
(2656, 88.7, 3.4)
(2657, 88.7, 3.4)
(2658, 88.7, 3.4)
(2659, 88.5, 3.4)
(2659, 70.8, 2.2)
(2660, 88.5, 3.4)
(2660, 70.8, 2.2)
(2661, 88.5, 3.4)
(2661, 70.8, 2.2)
(2662, 88.5, 3.4)
(2662, 70.8, 2.2)
(2663, 88.5, 3.4)
(2663, 70.8, 2.2)
(2664, 88.5, 3.4)
(2664, 70.8, 2.2)
(2665, 88.5, 3.4)
(2665, 70.8, 2.2)
(2666, 88.5, 3.4)
(2666, 70.8, 2.2)
(2667, 88.5, 3.5)
(2667, 88.4, 3.4)
(2668, 88.5, 3.5)
(2668, 88.4, 3.4)
(2669, 88.5, 3.5)
(2669, 88.4, 3.4)
(2670, 88.5, 3.5)
(2670, 88.4, 3.4)
(2671, 88.5, 3.5)
(2671, 88.4, 3.4)
(2672, 88.5, 3.5)
(2672, 88.4, 3.4)
(2673, 88.5, 3.4)
(2674, 88.5, 3.4)
(2675, 88.5, 3.4)
(2676, 88.5, 3.4)
(2677, 88.5, 3.4)
(2678, 88.4, 3.4)
(2679, 88.4, 3.4)
(2680, 88.4, 3.4)
(2681, 88.4, 3.4)
(2682, 88.4, 3.4)
(2683, 88.4, 3.4)
(2684, 88.5, 3.4)
(2685, 88.5, 3.4)
(2686, 88.5, 3.4)
(2687, 88.5, 3.4)
(2688, 88.5, 3.4)
(2689, 88.5, 3.4)
(2690, 88.5, 3.4)
(2691, 88.5, 3.4)
(2692, 88.5, 3.4)
(2693, 88.5, 3.4)
(2694, 88.5, 3.4)
(2695, 88.5, 3.4)
(2696, 88.5, 3.4)
(2697, 88.5, 3.4)
(2698, 88.5, 3.4)
(2699, 88.6, 3.4)
(2700, 88.6, 3.4)
(2701, 88.6, 3.4)
(2702, 88.6, 3.4)
(2703, 88.6, 3.4)
(2704, 88.6, 3.4)
(2705, 88.6, 3.4)
(2706, 88.6, 3.4)
(2707, 88.8, 3.4)
(2708, 88.8, 3.4)
(2709, 88.8, 3.4)
(2710, 88.8, 3.4)
(2711, 88.8, 3.4)
(2712, 88.8, 3.4)
(2713, 88.8, 3.4)
(2714, 88.8, 3.4)
(2715, 88.8, 3.4)
(2716, 88.8, 3.4)
(2717, 88.8, 3.4)
(2718, 88.8, 3.4)
(2719, 88.8, 3.4)
(2720, 88.8, 3.4)
(2721, 88.8, 3.4)
(2722, 88.8, 3.4)
(2723, 88.8, 3.4)
(2724, 88.8, 3.4)
(2725, 88.8, 3.4)
(2726, 88.8, 3.4)
(2727, 88.9, 3.5)
(2727, 88.9, 3.4)
(2728, 88.9, 3.5)
(2728, 88.9, 3.4)
(2729, 88.9, 3.5)
(2729, 88.9, 3.4)
(2730, 88.9, 3.5)
(2730, 88.9, 3.4)
(2731, 88.9, 3.5)
(2731, 88.9, 3.4)
(2732, 88.9, 3.5)
(2732, 88.9, 3.4)
(2733, 88.9, 3.5)
(2733, 88.9, 3.4)
(2734, 89.1, 3.4)
(2735, 89.1, 3.4)
(2736, 89.1, 3.4)
(2737, 89.1, 3.4)
(2738, 89.1, 3.4)
(2739, 89.1, 3.4)
(2740, 89.1, 3.4)
(2741, 89.1, 3.4)
(2742, 89.1, 3.4)
(2743, 89.1, 3.4)
(2744, 89.1, 3.4)
(2745, 89.1, 3.4)
(2746, 89.1, 3.4)
(2747, 89.1, 3.4)
(2748, 89.3, 3.4)
(2749, 89.3, 3.4)
(2750, 89.3, 3.4)
(2751, 89.3, 3.4)
(2752, 89.3, 3.4)
(2753, 89.3, 3.4)
(2754, 89.3, 3.4)
(2755, 89.3, 3.4)
(2756, 89.3, 3.4)
(2757, 89.3, 3.4)
(2758, 89.4, 3.4)
(2758, 90.3, 3.4)
(2759, 89.4, 3.4)
(2759, 90.3, 3.4)
(2760, 89.4, 3.4)
(2760, 90.3, 3.4)
(2761, 89.4, 3.4)
(2761, 90.3, 3.4)
(2762, 89.4, 3.4)
(2762, 90.3, 3.4)
(2763, 89.4, 3.4)
(2763, 90.3, 3.4)
(2764, 89.4, 3.4)
(2764, 90.3, 3.4)
(2765, 89.4, 3.4)
(2765, 90.3, 3.4)
(2766, 89.4, 3.4)
(2766, 90.3, 3.4)
(2767, 89.4, 3.4)
(2767, 90.3, 3.4)
(2768, 89.4, 3.4)
(2768, 90.3, 3.4)
(2769, 89.4, 3.4)
(2769, 90.3, 3.4)
(2770, 89.5, 3.4)
(2771, 89.5, 3.4)
(2772, 89.5, 3.4)
(2773, 89.5, 3.4)
(2774, 89.5, 3.4)
(2775, 89.5, 3.4)
(2776, 89.4, 3.4)
(2777, 89.4, 3.4)
(2778, 89.4, 3.4)
(2779, 89.4, 3.4)
(2780, 89.4, 3.4)
(2781, 89.4, 3.4)
(2782, 89.4, 3.4)
(2783, 89.4, 3.4)
(2783, 90.3, 3.4)
(2784, 89.4, 3.4)
(2784, 90.3, 3.4)
(2785, 89.4, 3.4)
(2785, 90.3, 3.4)
(2786, 89.4, 3.4)
(2786, 90.3, 3.4)
(2787, 89.4, 3.4)
(2787, 90.3, 3.4)
(2788, 89.5, 3.4)
(2788, 89.5, 3.4)
(2789, 89.5, 3.4)
(2789, 89.5, 3.4)
(2790, 89.5, 3.4)
(2790, 89.5, 3.4)
(2791, 89.5, 3.4)
(2791, 89.5, 3.4)
(2792, 89.5, 3.4)
(2792, 89.5, 3.4)
(2793, 89.5, 3.4)
(2793, 89.5, 3.4)
(2794, 89.5, 3.4)
(2794, 89.5, 3.4)
(2795, 89.5, 3.4)
(2795, 90.3, 3.4)
(2796, 89.5, 3.4)
(2796, 90.3, 3.4)
(2797, 89.5, 3.4)
(2797, 90.3, 3.4)
(2798, 89.5, 3.4)
(2798, 90.3, 3.4)
(2799, 89.5, 3.4)
(2799, 90.3, 3.4)
(2800, 89.5, 3.4)
(2800, 90.3, 3.4)
(2801, 89.5, 3.4)
(2801, 89.5, 3.4)
(2802, 89.5, 3.4)
(2802, 89.5, 3.4)
(2803, 89.5, 3.4)
(2803, 89.5, 3.4)
(2804, 89.5, 3.4)
(2804, 89.5, 3.4)
(2805, 89.5, 3.4)
(2805, 89.5, 3.4)
(2806, 89.5, 3.4)
(2806, 89.5, 3.4)
(2807, 89.4, 3.4)
(2808, 89.4, 3.4)
(2809, 89.4, 3.4)
(2810, 89.4, 3.4)
(2811, 89.4, 3.4)
(2812, 89.4, 3.4)
(2813, 89.4, 3.4)
(2814, 89.4, 3.4)
(2815, 89.4, 3.4)
(2816, 89.4, 3.4)
(2817, 89.4, 3.4)
(2818, 89.4, 3.4)
(2819, 89.4, 3.4)
(2820, 89.4, 3.4)
(2821, 89.4, 3.4)
(2822, 89.4, 3.4)
(2823, 89.5, 3.4)
(2824, 89.5, 3.4)
(2825, 89.5, 3.4)
(2826, 89.5, 3.4)
(2827, 89.5, 3.4)
(2828, 89.5, 3.4)
(2829, 89.5, 3.4)
(2830, 89.5, 3.4)
(2831, 89.5, 3.5)
(2831, 89.5, 3.4)
(2832, 89.5, 3.5)
(2832, 89.5, 3.4)
(2833, 89.5, 3.5)
(2833, 89.5, 3.4)
(2834, 89.5, 3.5)
(2834, 89.5, 3.4)
(2835, 89.5, 3.5)
(2835, 89.5, 3.4)
(2836, 89.5, 3.5)
(2836, 89.5, 3.4)
(2837, 89.5, 3.5)
(2837, 89.5, 3.4)
(2837, 60.0, 1.0)
(2838, 89.5, 3.5)
(2838, 89.5, 3.4)
(2838, 60.0, 1.0)
(2839, 89.5, 3.5)
(2839, 89.5, 3.4)
(2839, 60.0, 1.0)
(2840, 89.5, 3.5)
(2840, 89.5, 3.4)
(2840, 60.0, 1.0)
(2841, 89.5, 3.5)
(2841, 89.5, 3.4)
(2841, 60.0, 1.0)
(2842, 89.5, 3.5)
(2842, 89.5, 3.4)
(2842, 60.0, 1.0)
(2843, 89.5, 3.5)
(2843, 89.5, 3.4)
(2843, 60.0, 1.0)
(2844, 89.5, 3.5)
(2844, 89.5, 3.4)
(2844, 60.0, 1.0)
(2845, 89.5, 3.4)
(2845, 60.6, 1.0)
(2845, 60.5, 1.0)
(2845, 60.7, 1.0)
(2846, 89.5, 3.4)
(2846, 60.6, 1.0)
(2846, 60.5, 1.0)
(2846, 60.7, 1.0)
(2847, 89.5, 3.4)
(2847, 60.6, 1.0)
(2847, 60.5, 1.0)
(2847, 60.7, 1.0)
(2848, 89.5, 3.4)
(2848, 60.6, 1.0)
(2848, 60.5, 1.0)
(2848, 60.7, 1.0)
(2849, 89.5, 3.4)
(2849, 89.5, 3.4)
(2849, 61.5, 1.0)
(2849, 61.6, 1.0)
(2850, 89.5, 3.4)
(2850, 89.5, 3.4)
(2850, 61.5, 1.0)
(2850, 61.6, 1.0)
(2851, 89.5, 3.4)
(2851, 89.5, 3.4)
(2851, 61.5, 1.0)
(2851, 61.6, 1.0)
(2852, 89.5, 3.4)
(2852, 89.5, 3.4)
(2852, 61.5, 1.0)
(2852, 61.6, 1.0)
(2853, 89.5, 3.4)
(2853, 89.5, 3.4)
(2853, 61.5, 1.0)
(2853, 61.6, 1.0)
(2854, 89.5, 3.4)
(2854, 62.2, 1.0)
(2854, 62.2, 1.0)
(2855, 89.5, 3.4)
(2855, 62.2, 1.0)
(2855, 62.2, 1.0)
(2856, 89.5, 3.4)
(2856, 62.2, 1.0)
(2856, 62.2, 1.0)
(2857, 89.5, 3.4)
(2857, 62.2, 1.0)
(2857, 62.2, 1.0)
(2858, 89.5, 3.4)
(2858, 62.2, 1.0)
(2858, 62.2, 1.0)
(2859, 89.5, 3.4)
(2859, 62.2, 1.0)
(2859, 62.2, 1.0)
(2860, 89.6, 3.5)
(2860, 89.5, 3.4)
(2860, 62.8, 1.0)
(2860, 62.8, 1.0)
(2861, 89.6, 3.5)
(2861, 89.5, 3.4)
(2861, 62.8, 1.0)
(2861, 62.8, 1.0)
(2862, 89.6, 3.5)
(2862, 89.5, 3.4)
(2862, 62.8, 1.0)
(2862, 62.8, 1.0)
(2863, 89.6, 3.5)
(2863, 89.5, 3.4)
(2863, 62.8, 1.0)
(2863, 62.8, 1.0)
(2864, 89.6, 3.5)
(2864, 89.5, 3.4)
(2864, 62.8, 1.0)
(2864, 62.8, 1.0)
(2865, 89.6, 3.5)
(2865, 89.5, 3.4)
(2865, 62.8, 1.0)
(2865, 62.8, 1.0)
(2866, 89.6, 3.4)
(2866, 89.6, 3.4)
(2866, 63.5, 1.1)
(2867, 89.6, 3.4)
(2867, 89.6, 3.4)
(2867, 63.5, 1.1)
(2868, 89.6, 3.4)
(2868, 89.6, 3.4)
(2868, 63.5, 1.1)
(2869, 89.6, 3.4)
(2869, 89.6, 3.4)
(2869, 63.5, 1.1)
(2870, 89.6, 3.4)
(2870, 89.6, 3.4)
(2870, 63.5, 1.1)
(2871, 89.6, 3.4)
(2871, 89.6, 3.4)
(2871, 63.5, 1.1)
(2872, 89.6, 3.4)
(2872, 89.6, 3.4)
(2872, 63.5, 1.1)
(2873, 89.6, 3.4)
(2873, 89.6, 3.4)
(2873, 63.5, 1.1)
(2874, 89.8, 3.5)
(2874, 89.8, 3.4)
(2874, 64.4, 1.1)
(2874, 64.4, 1.1)
(2875, 89.8, 3.5)
(2875, 89.8, 3.4)
(2875, 64.4, 1.1)
(2875, 64.4, 1.1)
(2876, 89.8, 3.5)
(2876, 89.8, 3.4)
(2876, 64.4, 1.1)
(2876, 64.4, 1.1)
(2877, 89.8, 3.5)
(2877, 89.8, 3.4)
(2877, 64.4, 1.1)
(2877, 64.4, 1.1)
(2878, 89.8, 3.5)
(2878, 89.8, 3.4)
(2878, 64.4, 1.1)
(2878, 64.4, 1.1)
(2879, 89.8, 3.5)
(2879, 89.8, 3.4)
(2879, 64.4, 1.1)
(2879, 64.4, 1.1)
(2880, 89.8, 3.5)
(2880, 89.8, 3.4)
(2880, 64.4, 1.1)
(2880, 64.4, 1.1)
(2881, 89.8, 3.5)
(2881, 89.8, 3.4)
(2881, 64.4, 1.1)
(2881, 64.4, 1.1)
(2882, 89.9, 3.4)
(2882, 89.9, 3.4)
(2882, 65.4, 1.1)
(2882, 65.4, 1.1)
(2883, 89.9, 3.4)
(2883, 89.9, 3.4)
(2883, 65.4, 1.1)
(2883, 65.4, 1.1)
(2884, 89.9, 3.4)
(2884, 89.9, 3.4)
(2884, 65.4, 1.1)
(2884, 65.4, 1.1)
(2885, 89.9, 3.4)
(2885, 89.9, 3.4)
(2885, 65.4, 1.1)
(2885, 65.4, 1.1)
(2886, 89.9, 3.4)
(2886, 89.9, 3.4)
(2886, 65.4, 1.1)
(2886, 65.4, 1.1)
(2887, 89.9, 3.4)
(2887, 89.9, 3.4)
(2887, 65.4, 1.1)
(2887, 65.4, 1.1)
(2888, 89.9, 3.4)
(2888, 89.9, 3.4)
(2888, 65.4, 1.1)
(2888, 65.4, 1.1)
(2889, 89.9, 3.4)
(2889, 89.9, 3.4)
(2889, 65.4, 1.1)
(2889, 65.4, 1.1)
(2890, 90.0, 3.4)
(2890, 90.0, 3.4)
(2890, 66.0, 1.1)
(2890, 66.1, 1.1)
(2891, 90.0, 3.4)
(2891, 90.0, 3.4)
(2891, 66.0, 1.1)
(2891, 66.1, 1.1)
(2892, 90.0, 3.4)
(2892, 90.0, 3.4)
(2892, 66.0, 1.1)
(2892, 66.1, 1.1)
(2893, 90.0, 3.4)
(2893, 90.0, 3.4)
(2893, 66.0, 1.1)
(2893, 66.1, 1.1)
(2894, 90.0, 3.4)
(2894, 90.0, 3.4)
(2894, 66.0, 1.1)
(2894, 66.1, 1.1)
(2895, 90.2, 3.4)
(2895, 67.1, 1.1)
(2895, 67.0, 1.1)
(2896, 90.2, 3.4)
(2896, 67.1, 1.1)
(2896, 67.0, 1.1)
(2897, 90.2, 3.4)
(2897, 67.1, 1.1)
(2897, 67.0, 1.1)
(2898, 90.2, 3.4)
(2898, 67.1, 1.1)
(2898, 67.0, 1.1)
(2899, 90.2, 3.4)
(2899, 67.1, 1.1)
(2899, 67.0, 1.1)
(2900, 90.2, 3.4)
(2900, 67.1, 1.1)
(2900, 67.0, 1.1)
(2901, 90.2, 3.4)
(2901, 67.1, 1.1)
(2901, 67.0, 1.1)
(2902, 90.2, 3.4)
(2902, 67.1, 1.1)
(2902, 67.0, 1.1)
(2903, 90.2, 3.4)
(2903, 67.7, 1.1)
(2903, 67.7, 1.1)
(2904, 90.2, 3.4)
(2904, 67.7, 1.1)
(2904, 67.7, 1.1)
(2905, 90.2, 3.4)
(2905, 67.7, 1.1)
(2905, 67.7, 1.1)
(2906, 90.2, 3.4)
(2906, 67.7, 1.1)
(2906, 67.7, 1.1)
(2907, 90.2, 3.4)
(2907, 67.7, 1.1)
(2907, 67.7, 1.1)
(2908, 90.2, 3.4)
(2908, 67.7, 1.1)
(2908, 67.7, 1.1)
(2909, 90.2, 3.4)
(2909, 67.7, 1.1)
(2909, 67.7, 1.1)
(2910, 90.2, 3.4)
(2910, 67.7, 1.1)
(2910, 67.7, 1.1)
(2911, 90.2, 3.4)
(2911, 67.7, 1.1)
(2911, 67.7, 1.1)
(2912, 90.2, 3.4)
(2912, 67.7, 1.1)
(2912, 67.7, 1.1)
(2913, 90.4, 3.4)
(2913, 90.4, 3.4)
(2913, 68.7, 1.2)
(2913, 68.7, 1.1)
(2914, 90.4, 3.4)
(2914, 90.4, 3.4)
(2914, 68.7, 1.2)
(2914, 68.7, 1.1)
(2915, 90.4, 3.4)
(2915, 90.4, 3.4)
(2915, 68.7, 1.2)
(2915, 68.7, 1.1)
(2916, 90.4, 3.4)
(2916, 90.4, 3.4)
(2916, 68.7, 1.2)
(2916, 68.7, 1.1)
(2917, 90.4, 3.4)
(2917, 90.4, 3.4)
(2917, 68.7, 1.2)
(2917, 68.7, 1.1)
(2918, 90.4, 3.4)
(2918, 90.4, 3.4)
(2918, 68.7, 1.2)
(2918, 68.7, 1.1)
(2919, 90.4, 3.4)
(2919, 90.4, 3.4)
(2919, 68.7, 1.2)
(2919, 68.7, 1.1)
(2920, 90.4, 3.4)
(2920, 90.4, 3.4)
(2920, 68.7, 1.2)
(2920, 68.7, 1.1)
(2921, 90.4, 3.4)
(2921, 90.4, 3.4)
(2921, 68.7, 1.2)
(2921, 68.7, 1.1)
(2922, 90.4, 3.4)
(2922, 90.4, 3.4)
(2922, 68.7, 1.2)
(2922, 68.7, 1.1)
(2923, 90.4, 3.4)
(2923, 90.4, 3.4)
(2923, 68.7, 1.2)
(2923, 68.7, 1.1)
(2924, 90.4, 3.4)
(2924, 90.4, 3.4)
(2924, 68.7, 1.2)
(2924, 68.7, 1.1)
(2925, 90.4, 3.4)
(2925, 90.4, 3.4)
(2925, 68.7, 1.2)
(2925, 68.7, 1.1)
(2926, 90.4, 3.4)
(2926, 90.4, 3.4)
(2926, 68.7, 1.2)
(2926, 68.7, 1.1)
(2927, 90.6, 3.4)
(2927, 69.7, 1.2)
(2927, 69.7, 1.2)
(2928, 90.6, 3.4)
(2928, 69.7, 1.2)
(2928, 69.7, 1.2)
(2929, 90.6, 3.4)
(2929, 69.7, 1.2)
(2929, 69.7, 1.2)
(2930, 90.6, 3.4)
(2930, 69.7, 1.2)
(2930, 69.7, 1.2)
(2931, 90.6, 3.4)
(2931, 69.7, 1.2)
(2931, 69.7, 1.2)
(2932, 90.6, 3.4)
(2932, 69.7, 1.2)
(2932, 69.7, 1.2)
(2933, 90.6, 3.4)
(2933, 69.7, 1.2)
(2933, 69.7, 1.2)
(2934, 90.7, 3.4)
(2934, 90.6, 3.4)
(2934, 70.3, 1.2)
(2934, 70.3, 1.2)
(2935, 90.7, 3.4)
(2935, 90.6, 3.4)
(2935, 70.3, 1.2)
(2935, 70.3, 1.2)
(2936, 90.7, 3.4)
(2936, 90.6, 3.4)
(2936, 70.3, 1.2)
(2936, 70.3, 1.2)
(2937, 90.7, 3.4)
(2937, 90.6, 3.4)
(2937, 70.3, 1.2)
(2937, 70.3, 1.2)
(2938, 90.7, 3.4)
(2938, 90.6, 3.4)
(2938, 70.3, 1.2)
(2938, 70.3, 1.2)
(2939, 90.8, 3.4)
(2939, 90.8, 3.4)
(2939, 71.3, 1.2)
(2939, 71.3, 1.2)
(2940, 90.8, 3.4)
(2940, 90.8, 3.4)
(2940, 71.3, 1.2)
(2940, 71.3, 1.2)
(2941, 90.8, 3.4)
(2941, 90.8, 3.4)
(2941, 71.3, 1.2)
(2941, 71.3, 1.2)
(2942, 90.8, 3.4)
(2942, 90.8, 3.4)
(2942, 71.3, 1.2)
(2942, 71.3, 1.2)
(2943, 90.8, 3.4)
(2943, 90.8, 3.4)
(2943, 71.3, 1.2)
(2943, 71.3, 1.2)
(2944, 90.8, 3.4)
(2944, 90.8, 3.4)
(2944, 71.3, 1.2)
(2944, 71.3, 1.2)
(2945, 90.8, 3.4)
(2945, 90.8, 3.4)
(2945, 71.3, 1.2)
(2945, 71.3, 1.2)
(2946, 90.8, 3.4)
(2946, 90.8, 3.4)
(2946, 71.3, 1.2)
(2946, 71.3, 1.2)
(2947, 90.8, 3.4)
(2947, 90.8, 3.4)
(2947, 71.3, 1.2)
(2947, 71.3, 1.2)
(2948, 90.8, 3.4)
(2948, 72.0, 1.2)
(2948, 72.0, 1.2)
(2949, 90.8, 3.4)
(2949, 72.0, 1.2)
(2949, 72.0, 1.2)
(2950, 90.8, 3.4)
(2950, 72.0, 1.2)
(2950, 72.0, 1.2)
(2951, 90.8, 3.4)
(2951, 72.0, 1.2)
(2951, 72.0, 1.2)
(2952, 90.8, 3.4)
(2952, 72.0, 1.2)
(2952, 72.0, 1.2)
(2953, 90.8, 3.4)
(2953, 72.0, 1.2)
(2953, 72.0, 1.2)
(2954, 90.8, 3.4)
(2954, 72.0, 1.2)
(2954, 72.0, 1.2)
(2955, 90.8, 3.4)
(2955, 90.8, 3.4)
(2955, 73.0, 1.2)
(2956, 90.8, 3.4)
(2956, 90.8, 3.4)
(2956, 73.0, 1.2)
(2957, 90.8, 3.4)
(2957, 90.8, 3.4)
(2957, 73.0, 1.2)
(2958, 90.8, 3.4)
(2958, 90.8, 3.4)
(2958, 73.0, 1.2)
(2959, 90.8, 3.4)
(2959, 90.8, 3.4)
(2959, 73.0, 1.2)
(2960, 90.8, 3.4)
(2960, 90.8, 3.4)
(2960, 73.0, 1.2)
(2961, 90.8, 3.4)
(2961, 90.8, 3.4)
(2961, 73.0, 1.2)
(2962, 90.8, 3.4)
(2962, 74.0, 1.2)
(2962, 74.0, 1.2)
(2963, 90.8, 3.4)
(2963, 74.0, 1.2)
(2963, 74.0, 1.2)
(2964, 90.8, 3.4)
(2964, 74.0, 1.2)
(2964, 74.0, 1.2)
(2965, 90.8, 3.4)
(2965, 74.0, 1.2)
(2965, 74.0, 1.2)
(2966, 90.8, 3.4)
(2966, 74.0, 1.2)
(2966, 74.0, 1.2)
(2967, 90.8, 3.4)
(2967, 74.0, 1.2)
(2967, 74.0, 1.2)
(2968, 90.8, 3.4)
(2968, 74.0, 1.2)
(2968, 74.0, 1.2)
(2969, 90.8, 3.4)
(2969, 74.0, 1.2)
(2969, 74.0, 1.2)
(2970, 90.8, 3.4)
(2970, 74.0, 1.2)
(2970, 74.0, 1.2)
(2971, 90.8, 3.4)
(2971, 74.0, 1.2)
(2971, 74.0, 1.2)
(2972, 90.8, 3.4)
(2972, 75.4, 1.2)
(2973, 90.8, 3.4)
(2973, 75.4, 1.2)
(2974, 90.8, 3.4)
(2974, 75.4, 1.2)
(2975, 90.8, 3.4)
(2975, 75.4, 1.2)
(2976, 90.8, 3.4)
(2976, 75.4, 1.2)
(2977, 90.8, 3.4)
(2977, 76.4, 1.3)
(2977, 76.4, 1.3)
(2978, 90.8, 3.4)
(2978, 76.4, 1.3)
(2978, 76.4, 1.3)
(2979, 90.8, 3.4)
(2979, 76.4, 1.3)
(2979, 76.4, 1.3)
(2980, 90.8, 3.4)
(2980, 76.4, 1.3)
(2980, 76.4, 1.3)
(2981, 90.8, 3.4)
(2981, 76.4, 1.3)
(2981, 76.4, 1.3)
(2982, 90.8, 3.4)
(2982, 76.4, 1.3)
(2982, 76.4, 1.3)
(2983, 90.8, 3.4)
(2983, 76.4, 1.3)
(2983, 76.4, 1.3)
(2984, 90.8, 3.4)
(2984, 76.4, 1.3)
(2984, 76.4, 1.3)
(2985, 90.8, 3.4)
(2985, 76.4, 1.3)
(2985, 76.4, 1.3)
(2986, 90.8, 3.4)
(2986, 77.5, 1.3)
(2987, 90.8, 3.4)
(2987, 77.5, 1.3)
(2988, 90.8, 3.4)
(2988, 77.5, 1.3)
(2989, 90.8, 3.4)
(2989, 77.5, 1.3)
(2990, 90.8, 3.4)
(2990, 77.5, 1.3)
(2991, 90.8, 3.4)
(2991, 77.5, 1.3)
(2992, 90.8, 3.4)
(2992, 77.5, 1.3)
(2993, 90.8, 3.4)
(2993, 77.5, 1.3)
(2994, 90.8, 3.4)
(2994, 77.5, 1.3)
(2995, 90.8, 3.4)
(2995, 77.5, 1.3)
(2996, 90.8, 3.4)
(2996, 77.5, 1.3)
(2997, 90.8, 3.4)
(2997, 77.5, 1.3)
(2998, 90.8, 3.5)
(2998, 90.8, 3.4)
(2998, 78.5, 1.3)
(2998, 78.5, 1.3)
(2999, 90.8, 3.5)
(2999, 90.8, 3.4)
(2999, 78.5, 1.3)
(2999, 78.5, 1.3)
(3000, 90.8, 3.5)
(3000, 90.8, 3.4)
(3000, 78.5, 1.3)
(3000, 78.5, 1.3)
(3001, 90.8, 3.5)
(3001, 90.8, 3.4)
(3001, 78.5, 1.3)
(3001, 78.5, 1.3)
(3002, 90.8, 3.5)
(3002, 90.8, 3.4)
(3002, 78.5, 1.3)
(3002, 78.5, 1.3)
(3003, 90.8, 3.5)
(3003, 90.8, 3.4)
(3003, 78.5, 1.3)
(3003, 78.5, 1.3)
(3004, 90.8, 3.5)
(3004, 90.8, 3.4)
(3004, 78.5, 1.3)
(3004, 78.5, 1.3)
(3005, 90.8, 3.5)
(3005, 90.8, 3.4)
(3005, 78.5, 1.3)
(3005, 78.5, 1.3)
(3006, 90.8, 3.5)
(3006, 90.8, 3.4)
(3006, 78.5, 1.3)
(3006, 78.5, 1.3)
(3007, 90.8, 3.4)
(3007, 79.2, 1.3)
(3008, 90.8, 3.4)
(3008, 79.2, 1.3)
(3009, 90.8, 3.4)
(3009, 79.2, 1.3)
(3010, 90.8, 3.4)
(3010, 79.2, 1.3)
(3011, 90.8, 3.4)
(3011, 79.2, 1.3)
(3012, 90.8, 3.4)
(3012, 79.2, 1.3)
(3013, 90.8, 3.4)
(3013, 79.2, 1.3)
(3014, 90.8, 3.4)
(3014, 79.2, 1.3)
(3015, 90.8, 3.4)
(3015, 79.2, 1.3)
(3016, 90.8, 3.4)
(3016, 79.2, 1.3)
(3017, 90.8, 3.4)
(3017, 79.2, 1.3)
(3018, 90.9, 3.4)
(3018, 90.8, 3.4)
(3018, 80.2, 1.3)
(3018, 80.2, 1.3)
(3019, 90.9, 3.4)
(3019, 90.8, 3.4)
(3019, 80.2, 1.3)
(3019, 80.2, 1.3)
(3020, 90.9, 3.4)
(3020, 90.8, 3.4)
(3020, 80.2, 1.3)
(3020, 80.2, 1.3)
(3021, 90.9, 3.4)
(3021, 90.8, 3.4)
(3021, 80.2, 1.3)
(3021, 80.2, 1.3)
(3022, 90.9, 3.4)
(3022, 90.8, 3.4)
(3022, 80.2, 1.3)
(3022, 80.2, 1.3)
(3023, 90.9, 3.4)
(3023, 90.8, 3.4)
(3023, 80.2, 1.3)
(3023, 80.2, 1.3)
(3024, 90.9, 3.4)
(3024, 90.8, 3.4)
(3024, 80.2, 1.3)
(3024, 80.2, 1.3)
(3025, 90.9, 3.4)
(3025, 81.2, 1.3)
(3026, 90.9, 3.4)
(3026, 81.2, 1.3)
(3027, 90.9, 3.4)
(3027, 81.2, 1.3)
(3028, 90.9, 3.4)
(3028, 81.2, 1.3)
(3029, 90.9, 3.4)
(3029, 81.2, 1.3)
(3030, 90.9, 3.4)
(3030, 81.2, 1.3)
(3031, 90.9, 3.4)
(3031, 81.2, 1.3)
(3032, 90.9, 3.4)
(3032, 81.2, 1.3)
(3033, 90.9, 3.4)
(3033, 81.2, 1.3)
(3034, 90.9, 3.4)
(3034, 90.9, 3.4)
(3034, 82.0, 1.3)
(3034, 81.9, 1.3)
(3035, 90.9, 3.4)
(3035, 90.9, 3.4)
(3035, 82.0, 1.3)
(3035, 81.9, 1.3)
(3036, 90.9, 3.4)
(3036, 90.9, 3.4)
(3036, 82.0, 1.3)
(3036, 81.9, 1.3)
(3037, 90.9, 3.4)
(3037, 90.9, 3.4)
(3037, 82.0, 1.3)
(3037, 81.9, 1.3)
(3038, 90.9, 3.4)
(3038, 90.9, 3.4)
(3038, 82.0, 1.3)
(3038, 81.9, 1.3)
(3039, 90.9, 3.4)
(3039, 90.9, 3.4)
(3039, 82.0, 1.3)
(3039, 81.9, 1.3)
(3040, 90.9, 3.4)
(3040, 82.9, 1.3)
(3041, 90.9, 3.4)
(3041, 82.9, 1.3)
(3042, 90.9, 3.4)
(3042, 82.9, 1.3)
(3043, 90.9, 3.4)
(3043, 82.9, 1.3)
(3044, 90.9, 3.4)
(3044, 82.9, 1.3)
(3045, 90.9, 3.4)
(3045, 82.9, 1.3)
(3046, 90.9, 3.4)
(3046, 82.9, 1.3)
(3047, 90.9, 3.4)
(3047, 82.9, 1.3)
(3048, 90.9, 3.4)
(3048, 83.6, 1.4)
(3049, 90.9, 3.4)
(3049, 83.6, 1.4)
(3050, 90.9, 3.4)
(3050, 83.6, 1.4)
(3051, 90.9, 3.4)
(3051, 83.6, 1.4)
(3052, 90.9, 3.4)
(3052, 83.6, 1.4)
(3053, 90.9, 3.4)
(3053, 83.6, 1.4)
(3054, 90.9, 3.4)
(3054, 84.5, 1.4)
(3054, 84.6, 1.4)
(3055, 90.9, 3.4)
(3055, 84.5, 1.4)
(3055, 84.6, 1.4)
(3056, 90.9, 3.4)
(3056, 84.5, 1.4)
(3056, 84.6, 1.4)
(3057, 90.9, 3.4)
(3057, 84.5, 1.4)
(3057, 84.6, 1.4)
(3058, 90.9, 3.4)
(3058, 84.5, 1.4)
(3058, 84.6, 1.4)
(3059, 90.9, 3.4)
(3059, 85.2, 1.4)
(3059, 85.3, 1.4)
(3060, 90.9, 3.4)
(3060, 85.2, 1.4)
(3060, 85.3, 1.4)
(3061, 90.9, 3.4)
(3061, 85.2, 1.4)
(3061, 85.3, 1.4)
(3062, 90.9, 3.4)
(3062, 85.2, 1.4)
(3062, 85.3, 1.4)
(3063, 90.9, 3.4)
(3063, 85.2, 1.4)
(3063, 85.3, 1.4)
(3064, 90.9, 3.4)
(3064, 85.2, 1.4)
(3064, 85.3, 1.4)
(3065, 90.9, 3.4)
(3065, 90.9, 3.4)
(3065, 85.9, 1.4)
(3066, 90.9, 3.4)
(3066, 90.9, 3.4)
(3066, 85.9, 1.4)
(3067, 90.9, 3.4)
(3067, 90.9, 3.4)
(3067, 85.9, 1.4)
(3068, 90.9, 3.4)
(3068, 90.9, 3.4)
(3068, 85.9, 1.4)
(3069, 90.9, 3.4)
(3069, 90.9, 3.4)
(3069, 85.9, 1.4)
(3070, 90.9, 3.4)
(3070, 90.9, 3.4)
(3070, 85.9, 1.4)
(3071, 90.9, 3.4)
(3071, 90.9, 3.4)
(3071, 85.9, 1.4)
(3072, 90.9, 3.4)
(3072, 90.9, 3.4)
(3072, 85.9, 1.4)
(3073, 90.9, 3.4)
(3073, 90.9, 3.4)
(3073, 85.9, 1.4)
(3074, 90.9, 3.4)
(3074, 86.9, 1.4)
(3075, 90.9, 3.4)
(3075, 86.9, 1.4)
(3076, 90.9, 3.4)
(3076, 86.9, 1.4)
(3077, 90.9, 3.4)
(3077, 86.9, 1.4)
(3078, 90.9, 3.4)
(3078, 86.9, 1.4)
(3079, 90.9, 3.4)
(3079, 86.9, 1.4)
(3080, 90.9, 3.4)
(3080, 86.9, 1.4)
(3081, 90.9, 3.4)
(3081, 86.9, 1.4)
(3082, 90.9, 3.4)
(3082, 86.9, 1.4)
(3083, 90.9, 3.4)
(3083, 90.9, 3.4)
(3083, 87.9, 1.4)
(3084, 90.9, 3.4)
(3084, 90.9, 3.4)
(3084, 87.9, 1.4)
(3085, 90.9, 3.4)
(3085, 90.9, 3.4)
(3085, 87.9, 1.4)
(3086, 90.9, 3.4)
(3086, 90.9, 3.4)
(3086, 87.9, 1.4)
(3087, 90.9, 3.4)
(3087, 90.9, 3.4)
(3087, 87.9, 1.4)
(3088, 90.9, 3.4)
(3088, 90.9, 3.4)
(3088, 87.9, 1.4)
(3089, 90.9, 3.4)
(3089, 90.9, 3.4)
(3089, 87.9, 1.4)
(3090, 90.9, 3.4)
(3090, 90.9, 3.4)
(3090, 87.9, 1.4)
(3091, 90.9, 3.4)
(3091, 90.9, 3.4)
(3091, 87.9, 1.4)
(3092, 90.9, 3.4)
(3092, 88.8, 1.4)
(3093, 90.9, 3.4)
(3093, 88.8, 1.4)
(3094, 90.9, 3.4)
(3094, 88.8, 1.4)
(3095, 90.9, 3.4)
(3095, 88.8, 1.4)
(3096, 90.9, 3.4)
(3096, 88.8, 1.4)
(3097, 90.9, 3.4)
(3097, 88.8, 1.4)
(3098, 90.9, 3.4)
(3098, 90.9, 3.4)
(3098, 89.5, 1.4)
(3099, 90.9, 3.4)
(3099, 90.9, 3.4)
(3099, 89.5, 1.4)
(3100, 90.9, 3.4)
(3100, 90.9, 3.4)
(3100, 89.5, 1.4)
(3101, 90.9, 3.4)
(3101, 90.9, 3.4)
(3101, 89.5, 1.4)
(3102, 90.9, 3.4)
(3102, 90.9, 3.4)
(3102, 89.5, 1.4)
(3103, 90.9, 3.4)
(3103, 90.9, 3.4)
(3103, 89.5, 1.4)
(3104, 90.9, 3.4)
(3104, 90.9, 3.4)
(3104, 89.5, 1.4)
(3105, 90.9, 3.4)
(3105, 90.9, 3.4)
(3105, 89.5, 1.4)
(3106, 90.9, 3.4)
(3106, 90.9, 3.4)
(3106, 89.5, 1.4)
(3107, 90.9, 3.4)
(3107, 90.9, 3.4)
(3107, 89.5, 1.4)
(3108, 90.9, 3.4)
(3108, 90.9, 3.4)
(3108, 89.5, 1.4)
(3109, 90.9, 3.4)
(3109, 90.9, 3.4)
(3109, 90.2, 1.4)
(3110, 90.9, 3.4)
(3110, 90.9, 3.4)
(3110, 90.2, 1.4)
(3111, 90.9, 3.4)
(3111, 90.9, 3.4)
(3111, 90.2, 1.4)
(3112, 90.9, 3.4)
(3112, 90.9, 3.4)
(3112, 90.2, 1.4)
(3113, 90.9, 3.4)
(3113, 90.9, 3.4)
(3113, 90.2, 1.4)
(3114, 90.9, 3.4)
(3114, 90.9, 3.4)
(3114, 90.2, 1.4)
(3115, 90.9, 3.4)
(3115, 90.9, 3.4)
(3115, 90.2, 1.4)
(3116, 90.9, 3.4)
(3116, 90.9, 3.4)
(3116, 90.2, 1.4)
(3117, 90.9, 3.4)
(3117, 90.9, 3.4)
(3117, 91.2, 1.4)
(3118, 90.9, 3.4)
(3118, 90.9, 3.4)
(3118, 91.2, 1.4)
(3119, 90.9, 3.4)
(3119, 90.9, 3.4)
(3119, 91.2, 1.4)
(3120, 90.9, 3.4)
(3120, 90.9, 3.4)
(3120, 91.2, 1.4)
(3121, 90.9, 3.4)
(3121, 90.9, 3.4)
(3121, 91.2, 1.4)
(3122, 90.9, 3.4)
(3122, 90.9, 3.4)
(3123, 90.9, 3.4)
(3123, 90.9, 3.4)
(3124, 90.9, 3.4)
(3124, 90.9, 3.4)
(3125, 90.9, 3.4)
(3125, 90.9, 3.4)
(3126, 90.9, 3.4)
(3126, 90.9, 3.4)
(3127, 90.9, 3.4)
(3127, 90.9, 3.4)
(3128, 90.9, 3.4)
(3128, 92.9, 1.5)
(3129, 90.9, 3.4)
(3129, 92.9, 1.5)
(3130, 90.9, 3.4)
(3130, 92.9, 1.5)
(3131, 90.9, 3.4)
(3131, 92.9, 1.5)
(3132, 90.9, 3.4)
(3132, 92.9, 1.5)
(3133, 90.9, 3.4)
(3133, 90.9, 3.4)
(3133, 93.6, 1.5)
(3134, 90.9, 3.4)
(3134, 90.9, 3.4)
(3134, 93.6, 1.5)
(3135, 90.9, 3.4)
(3135, 90.9, 3.4)
(3135, 93.6, 1.5)
(3136, 90.9, 3.4)
(3136, 90.9, 3.4)
(3136, 93.6, 1.5)
(3137, 90.9, 3.4)
(3137, 90.9, 3.4)
(3137, 93.6, 1.5)
(3138, 90.9, 3.4)
(3138, 90.9, 3.4)
(3138, 93.6, 1.5)
(3139, 90.9, 3.4)
(3139, 90.9, 3.4)
(3139, 93.6, 1.5)
(3140, 90.9, 3.4)
(3140, 90.9, 3.4)
(3140, 93.6, 1.5)
(3141, 90.9, 3.4)
(3141, 94.2, 1.5)
(3142, 90.9, 3.4)
(3142, 94.2, 1.5)
(3143, 90.9, 3.4)
(3143, 94.2, 1.5)
(3144, 90.9, 3.4)
(3144, 94.2, 1.5)
(3145, 90.9, 3.4)
(3145, 94.2, 1.5)
(3146, 90.9, 3.4)
(3146, 94.2, 1.5)
(3147, 90.9, 3.4)
(3147, 94.2, 1.5)
(3148, 90.9, 3.4)
(3148, 94.2, 1.5)
(3149, 90.9, 3.4)
(3149, 94.2, 1.5)
(3150, 90.9, 3.4)
(3151, 90.9, 3.4)
(3152, 90.9, 3.4)
(3153, 90.9, 3.4)
(3154, 90.9, 3.4)
(3155, 90.9, 3.4)
(3156, 90.9, 3.4)
(3157, 90.9, 3.4)
(3158, 90.9, 3.4)
(3159, 90.9, 3.4)
(3160, 90.9, 3.4)
(3160, 96.6, 1.5)
(3161, 90.9, 3.4)
(3161, 96.6, 1.5)
(3162, 90.9, 3.4)
(3162, 96.6, 1.5)
(3163, 90.9, 3.4)
(3163, 96.6, 1.5)
(3164, 90.9, 3.4)
(3164, 96.6, 1.5)
(3165, 90.9, 3.4)
(3165, 96.6, 1.5)
(3166, 90.9, 3.4)
(3166, 97.7, 1.5)
(3167, 90.9, 3.4)
(3167, 97.7, 1.5)
(3168, 90.9, 3.4)
(3168, 97.7, 1.5)
(3169, 90.9, 3.4)
(3169, 97.7, 1.5)
(3170, 90.9, 3.4)
(3170, 97.7, 1.5)
(3171, 90.9, 3.4)
(3171, 90.9, 3.4)
(3171, 98.4, 1.5)
(3172, 90.9, 3.4)
(3172, 90.9, 3.4)
(3172, 98.4, 1.5)
(3173, 90.9, 3.4)
(3173, 90.9, 3.4)
(3173, 98.4, 1.5)
(3174, 90.9, 3.4)
(3174, 90.9, 3.4)
(3174, 98.4, 1.5)
(3175, 90.9, 3.4)
(3175, 90.9, 3.4)
(3175, 98.4, 1.5)
(3176, 90.9, 3.4)
(3176, 90.9, 3.4)
(3176, 98.4, 1.5)
(3177, 90.9, 3.4)
(3177, 90.9, 3.4)
(3177, 99.0, 1.5)
(3178, 90.9, 3.4)
(3178, 90.9, 3.4)
(3178, 99.0, 1.5)
(3179, 90.9, 3.4)
(3179, 90.9, 3.4)
(3179, 99.0, 1.5)
(3180, 90.9, 3.4)
(3180, 90.9, 3.4)
(3180, 99.0, 1.5)
(3181, 90.9, 3.4)
(3181, 90.9, 3.4)
(3181, 99.0, 1.5)
(3182, 90.9, 3.4)
(3182, 90.9, 3.4)
(3182, 99.0, 1.5)
(3183, 90.9, 3.4)
(3183, 90.9, 3.4)
(3183, 99.0, 1.5)
(3184, 90.9, 3.4)
(3184, 90.9, 3.4)
(3184, 100.1, 1.5)
(3185, 90.9, 3.4)
(3185, 90.9, 3.4)
(3185, 100.1, 1.5)
(3186, 90.9, 3.4)
(3186, 90.9, 3.4)
(3186, 100.1, 1.5)
(3187, 90.9, 3.4)
(3187, 90.9, 3.4)
(3187, 100.1, 1.5)
(3188, 90.9, 3.4)
(3188, 90.9, 3.4)
(3188, 100.1, 1.5)
(3189, 90.9, 3.4)
(3189, 90.9, 3.4)
(3189, 100.1, 1.5)
(3190, 90.9, 3.4)
(3190, 90.9, 3.4)
(3190, 100.1, 1.5)
(3191, 90.9, 3.4)
(3191, 90.9, 3.4)
(3191, 100.1, 1.5)
(3192, 90.9, 3.4)
(3192, 90.9, 3.4)
(3192, 100.1, 1.5)
(3193, 90.9, 3.4)
(3193, 90.9, 3.4)
(3193, 100.1, 1.5)
(3194, 90.9, 3.4)
(3195, 90.9, 3.4)
(3196, 90.9, 3.4)
(3197, 90.9, 3.4)
(3198, 101.7, 1.6)
(3199, 101.7, 1.6)
(3200, 101.7, 1.6)
(3201, 101.7, 1.6)
(3202, 101.7, 1.6)
(3203, 101.7, 1.6)
(3204, 101.7, 1.6)
(3205, 101.7, 1.6)
(3206, 102.8, 1.6)
(3207, 102.8, 1.6)
(3208, 102.8, 1.6)
(3209, 102.8, 1.6)
(3210, 102.8, 1.6)
(3211, 102.8, 1.6)
(3212, 102.8, 1.6)
(3213, 102.8, 1.6)
(3214, 103.8, 1.6)
(3215, 103.8, 1.6)
(3216, 103.8, 1.6)
(3217, 103.8, 1.6)
(3218, 103.8, 1.6)
(3219, 104.5, 1.6)
(3220, 104.5, 1.6)
(3221, 104.5, 1.6)
(3222, 104.5, 1.6)
(3223, 104.5, 1.6)
(3224, 104.5, 1.6)
(3242, 90.9, 3.4)
(3243, 90.9, 3.4)
(3244, 90.9, 3.4)
(3245, 90.9, 3.4)
(3246, 90.9, 3.4)
(3247, 90.9, 3.5)
(3247, 90.9, 3.4)
(3248, 90.9, 3.5)
(3248, 90.9, 3.4)
(3249, 90.9, 3.5)
(3249, 90.9, 3.4)
(3250, 90.9, 3.5)
(3250, 90.9, 3.4)
(3251, 90.9, 3.5)
(3251, 90.9, 3.4)
(3252, 90.9, 3.4)
(3252, 90.9, 3.4)
(3253, 90.9, 3.4)
(3253, 90.9, 3.4)
(3254, 90.9, 3.4)
(3254, 90.9, 3.4)
(3255, 90.9, 3.4)
(3255, 90.9, 3.4)
(3256, 90.9, 3.4)
(3256, 90.9, 3.4)
(3257, 90.9, 3.4)
(3257, 90.9, 3.4)
(3258, 90.9, 3.4)
(3259, 90.9, 3.4)
(3260, 90.9, 3.4)
(3261, 90.9, 3.4)
(3262, 90.9, 3.4)
(3263, 90.9, 3.4)
(3264, 90.9, 3.4)
(3265, 90.9, 3.4)
(3266, 90.9, 3.4)
(3267, 90.9, 3.4)
(3268, 90.9, 3.4)
(3269, 90.9, 3.4)
(3270, 90.9, 3.4)
(3271, 90.9, 3.4)
(3272, 90.9, 3.4)
(3273, 90.9, 3.4)
(3274, 90.9, 3.4)
(3275, 90.9, 3.5)
(3275, 90.9, 3.4)
(3276, 90.9, 3.5)
(3276, 90.9, 3.4)
(3277, 90.9, 3.5)
(3277, 90.9, 3.4)
(3278, 90.9, 3.5)
(3278, 90.9, 3.4)
(3279, 90.9, 3.5)
(3279, 90.9, 3.4)
(3286, 90.9, 3.4)
(3287, 90.9, 3.4)
(3288, 90.9, 3.4)
(3289, 90.9, 3.4)
(3290, 90.9, 3.4)
(3291, 90.9, 3.4)
(3307, 90.9, 3.4)
(3308, 90.9, 3.4)
(3309, 90.9, 3.4)
(3310, 90.9, 3.4)
(3311, 90.9, 3.4)
(3312, 90.9, 3.4)
(3313, 90.9, 3.4)
